[0, 0, 2, 2, 0, 0, 17, 1, 0, 2, 3, 3, 3, 4, 3, 2, 1, 5, 5, 24, 24, 1]
================================================
[0, 0, 3, 3, 0, 0, 22, 2, 0, 3, 2, 1, 2, 6, 3, 4, 2, 8, 7, 30, 30, 2]
================================================
[0, 0, 4, 4, 0, 0, 22, 3, 1, 2, 2, 1, 1, 4, 2, 4, 3, 11, 6, 30, 30, 2]
================================================
[0, 0, 4, 4, 0, 0, 18, 4, 2, 1, 2, 2, 2, 2, 3, 5, 4, 12, 9, 30, 30, 1]
================================================
[0, 0, 3, 3, 0, 0, 22, 3, 2, 1, 2, 2, 2, 3, 2, 5, 3, 12, 6, 30, 30, 3]
================================================
[0, 0, 2, 2, 0, 0, 8, 2, 1, 1, 1, 2, 2, 3, 4, 5, 3, 13, 7, 29, 29, 3]
================================================
[0, 0, 3, 3, 0, 0, 16, 3, 2, 1, 1, 4, 4, 3, 4, 4, 2, 14, 6, 30, 30, 3]
================================================
[0, 0, 3, 3, 0, 0, 11, 4, 2, 2, 1, 3, 3, 1, 4, 4, 2, 14, 6, 30, 30, 3]
================================================
[0, 0, 4, 3, 0, 0, 9, 3, 1, 1, 1, 3, 3, 2, 1, 5, 3, 12, 6, 30, 30, 3]
================================================
[0, 0, 4, 4, 0, 0, 21, 4, 2, 1, 1, 3, 3, 3, 2, 5, 2, 12, 7, 30, 30, 1]
================================================
[0, 0, 3, 3, 0, 0, 23, 3, 2, 1, 2, 5, 5, 3, 1, 6, 4, 14, 8, 30, 30, 2]
================================================
[0, 0, 4, 4, 0, 0, 18, 3, 2, 2, 1, 3, 3, 3, 2, 4, 2, 11, 7, 30, 30, 3]
================================================
[0, 0, 2, 2, 0, 0, 10, 4, 2, 2, 1, 4, 4, 2, 1, 6, 4, 11, 8, 28, 28, 2]
================================================
[0, 0, 3, 3, 0, 0, 13, 4, 2, 1, 2, 5, 5, 2, 2, 6, 4, 11, 6, 30, 30, 2]
================================================
[0, 0, 3, 3, 0, 0, 21, 3, 1, 2, 2, 4, 5, 1, 2, 5, 3, 12, 5, 29, 29, 3]
================================================
[0, 0, 3, 3, 0, 0, 21, 3, 1, 1, 2, 4, 5, 1, 2, 7, 4, 13, 7, 30, 30, 2]
================================================
[0, 0, 3, 3, 0, 0, 14, 4, 2, 1, 2, 4, 5, 2, 1, 5, 3, 11, 8, 28, 28, 1]
================================================
[0, 0, 3, 3, 0, 0, 17, 2, 1, 2, 2, 3, 3, 1, 1, 5, 3, 10, 7, 27, 27, 2]
================================================
[0, 0, 3, 3, 0, 0, 12, 3, 1, 2, 1, 4, 4, 1, 2, 6, 4, 12, 7, 29, 29, 2]
================================================
[0, 0, 3, 3, 0, 0, 8, 2, 1, 1, 2, 4, 4, 1, 1, 6, 4, 14, 8, 30, 30, 3]
================================================
[0, 0, 3, 3, 0, 0, 9, 2, 1, 2, 2, 3, 3, 1, 1, 6, 4, 12, 8, 28, 28, 2]
================================================
[0, 0, 3, 3, 0, 0, 19, 3, 2, 1, 1, 3, 3, 2, 2, 6, 5, 13, 7, 29, 29, 2]
================================================
[0, 0, 3, 3, 0, 0, 19, 2, 1, 3, 2, 3, 3, 2, 3, 5, 4, 13, 8, 30, 30, 2]
================================================
[0, 0, 3, 3, 0, 0, 18, 3, 1, 1, 1, 3, 3, 1, 4, 5, 3, 14, 8, 30, 30, 2]
================================================
[0, 0, 3, 3, 0, 0, 11, 4, 2, 1, 1, 3, 3, 1, 2, 5, 3, 12, 9, 29, 29, 2]
================================================
[0, 0, 2, 2, 0, 0, 9, 3, 1, 1, 2, 4, 4, 3, 4, 2, 1, 15, 8, 30, 30, 2]
================================================
[0, 0, 3, 3, 0, 0, 20, 3, 1, 1, 1, 5, 5, 3, 5, 4, 2, 15, 6, 30, 30, 1]
================================================
[0, 0, 3, 3, 0, 0, 14, 3, 1, 1, 2, 2, 2, 5, 3, 5, 3, 12, 7, 30, 30, 2]
================================================
[0, 0, 3, 3, 0, 0, 15, 3, 1, 1, 1, 1, 1, 6, 2, 7, 5, 14, 9, 30, 30, 1]
================================================
[0, 0, 3, 3, 0, 0, 21, 3, 2, 2, 1, 2, 2, 6, 4, 3, 1, 11, 7, 30, 30, 2]
================================================
[0, 0, 3, 3, 0, 0, 17, 4, 2, 1, 1, 4, 4, 3, 5, 5, 3, 14, 6, 30, 30, 1]
================================================
[0, 0, 3, 3, 0, 0, 19, 4, 2, 2, 2, 2, 2, 3, 3, 5, 2, 11, 8, 30, 30, 1]
================================================
[0, 0, 3, 3, 0, 0, 13, 3, 1, 2, 1, 2, 2, 3, 2, 4, 2, 12, 9, 30, 30, 2]
================================================
[0, 0, 2, 2, 0, 0, 21, 4, 2, 1, 1, 2, 2, 2, 2, 5, 4, 13, 7, 29, 29, 2]
================================================
[0, 0, 3, 3, 0, 0, 21, 4, 2, 1, 2, 2, 2, 2, 3, 4, 3, 13, 8, 30, 30, 2]
================================================
[0, 0, 3, 3, 0, 0, 19, 3, 2, 1, 2, 4, 4, 3, 2, 4, 3, 15, 6, 30, 30, 2]
================================================
[0, 0, 3, 3, 0, 0, 17, 4, 2, 1, 1, 4, 4, 2, 3, 3, 1, 16, 7, 30, 30, 2]
================================================
[0, 0, 2, 2, 0, 0, 10, 4, 2, 2, 1, 3, 3, 1, 2, 5, 2, 12, 6, 29, 29, 2]
================================================
[0, 0, 3, 3, 0, 0, 18, 3, 2, 1, 2, 2, 3, 2, 2, 6, 4, 12, 8, 30, 30, 2]
================================================
[0, 0, 3, 3, 0, 0, 11, 2, 1, 2, 2, 2, 2, 2, 3, 6, 3, 11, 9, 28, 28, 1]
================================================
[0, 0, 4, 4, 0, 0, 17, 3, 1, 1, 2, 3, 3, 2, 4, 5, 2, 13, 8, 30, 30, 2]
================================================
[0, 0, 4, 4, 0, 0, 11, 3, 1, 2, 1, 4, 4, 1, 4, 6, 3, 14, 6, 30, 30, 3]
================================================
[0, 0, 4, 4, 0, 0, 16, 3, 1, 1, 2, 5, 5, 1, 3, 4, 4, 14, 5, 30, 30, 3]
================================================
[0, 0, 3, 3, 0, 0, 12, 2, 1, 1, 1, 3, 3, 3, 2, 4, 3, 12, 7, 27, 27, 2]
================================================
[0, 0, 3, 3, 0, 0, 22, 3, 1, 1, 1, 5, 5, 3, 3, 5, 3, 14, 6, 30, 30, 3]
================================================
[0, 0, 3, 3, 0, 0, 19, 3, 2, 1, 1, 5, 5, 2, 3, 5, 3, 15, 7, 30, 30, 1]
================================================
[0, 0, 2, 2, 0, 0, 23, 3, 1, 2, 1, 4, 4, 1, 2, 8, 5, 16, 6, 30, 30, 2]
================================================
[0, 0, 3, 3, 0, 0, 15, 4, 2, 1, 2, 3, 3, 1, 3, 6, 3, 15, 7, 30, 30, 2]
================================================
[0, 0, 2, 2, 0, 0, 10, 4, 2, 1, 1, 2, 2, 1, 2, 5, 3, 12, 7, 26, 26, 2]
================================================
[0, 0, 3, 3, 0, 0, 17, 3, 2, 1, 1, 2, 3, 1, 3, 5, 3, 13, 9, 29, 29, 2]
================================================
[0, 0, 3, 3, 0, 0, 13, 2, 1, 2, 1, 2, 2, 1, 1, 4, 3, 13, 8, 28, 28, 3]
================================================
[0, 0, 3, 3, 0, 0, 16, 3, 1, 2, 2, 3, 3, 1, 2, 4, 3, 13, 8, 30, 30, 2]
================================================
[0, 0, 3, 3, 0, 0, 19, 3, 2, 2, 2, 3, 3, 2, 3, 5, 4, 13, 7, 30, 30, 2]
================================================
[0, 0, 3, 3, 0, 0, 16, 4, 3, 2, 3, 3, 3, 1, 2, 4, 2, 11, 6, 28, 28, 1]
================================================
[0, 0, 3, 3, 0, 0, 22, 4, 3, 2, 2, 3, 3, 1, 2, 5, 3, 11, 6, 30, 30, 2]
================================================
[0, 0, 3, 3, 0, 0, 14, 4, 2, 1, 2, 2, 2, 1, 3, 4, 2, 9, 5, 28, 28, 2]
================================================
[0, 0, 3, 3, 0, 0, 11, 4, 2, 2, 2, 3, 3, 1, 2, 4, 2, 10, 6, 28, 28, 2]
================================================
[0, 0, 3, 3, 0, 0, 13, 4, 2, 1, 2, 4, 4, 3, 5, 4, 3, 13, 4, 30, 30, 1]
================================================
[0, 0, 3, 3, 0, 0, 21, 3, 1, 1, 2, 4, 4, 2, 4, 2, 3, 14, 6, 30, 30, 1]
================================================
[0, 0, 3, 3, 0, 0, 12, 3, 2, 1, 1, 3, 3, 2, 4, 3, 2, 14, 8, 29, 29, 1]
================================================
[0, 0, 2, 2, 0, 0, 21, 4, 2, 1, 2, 4, 4, 1, 5, 5, 4, 14, 5, 30, 30, 3]
================================================
[0, 0, 3, 3, 0, 0, 16, 4, 2, 1, 1, 4, 4, 1, 3, 5, 3, 12, 6, 29, 29, 2]
================================================
[0, 0, 3, 3, 0, 0, 16, 4, 2, 2, 1, 6, 6, 1, 4, 4, 3, 13, 4, 29, 29, 2]
================================================
[0, 0, 3, 3, 0, 0, 21, 4, 2, 1, 2, 5, 5, 1, 3, 6, 5, 13, 6, 30, 30, 2]
================================================
[0, 0, 3, 3, 0, 0, 20, 3, 2, 1, 2, 5, 5, 2, 3, 8, 6, 13, 6, 30, 30, 1]
================================================
[0, 0, 3, 3, 0, 0, 21, 3, 1, 1, 1, 7, 7, 1, 3, 6, 5, 14, 8, 30, 30, 1]
================================================
[0, 0, 3, 3, 0, 0, 16, 4, 2, 1, 1, 6, 6, 2, 2, 7, 6, 15, 8, 30, 30, 1]
================================================
[0, 0, 3, 3, 0, 0, 15, 3, 1, 1, 1, 5, 5, 4, 2, 5, 4, 13, 8, 30, 30, 2]
================================================
[0, 0, 3, 3, 0, 0, 21, 3, 1, 2, 3, 5, 5, 2, 2, 5, 4, 14, 6, 30, 30, 3]
================================================
[0, 0, 3, 3, 0, 0, 16, 3, 2, 2, 2, 5, 5, 1, 2, 4, 3, 13, 5, 28, 28, 2]
================================================
[0, 0, 3, 3, 0, 0, 14, 4, 2, 2, 1, 5, 5, 1, 2, 3, 2, 14, 6, 30, 30, 2]
================================================
[0, 0, 4, 4, 0, 0, 18, 2, 1, 2, 2, 4, 4, 2, 2, 3, 1, 13, 5, 30, 30, 2]
================================================
[0, 0, 3, 3, 0, 0, 12, 3, 1, 1, 2, 6, 6, 2, 3, 3, 2, 15, 6, 30, 30, 1]
================================================
[0, 0, 3, 3, 0, 0, 16, 3, 2, 1, 2, 4, 4, 1, 1, 2, 1, 12, 5, 28, 28, 2]
================================================
[0, 0, 3, 3, 0, 0, 15, 5, 3, 1, 2, 4, 4, 1, 2, 3, 1, 11, 5, 30, 30, 2]
================================================
[0, 0, 3, 3, 0, 0, 18, 4, 2, 2, 2, 6, 6, 1, 2, 4, 2, 14, 5, 30, 30, 1]
================================================
[0, 0, 3, 3, 0, 0, 19, 3, 1, 2, 1, 3, 3, 1, 2, 4, 3, 11, 7, 28, 28, 2]
================================================
[0, 0, 3, 3, 0, 0, 14, 3, 1, 2, 1, 4, 4, 1, 2, 4, 3, 12, 7, 28, 28, 2]
================================================
[0, 0, 3, 3, 0, 0, 11, 3, 1, 2, 1, 3, 3, 2, 4, 2, 1, 13, 9, 30, 30, 2]
================================================
[0, 0, 2, 2, 0, 0, 10, 4, 2, 2, 1, 4, 5, 1, 4, 2, 1, 12, 6, 30, 30, 3]
================================================
[0, 0, 3, 3, 0, 0, 14, 4, 2, 1, 1, 6, 6, 1, 5, 3, 2, 14, 7, 30, 30, 2]
================================================
[0, 0, 3, 3, 0, 0, 13, 4, 2, 2, 2, 5, 5, 1, 2, 2, 1, 14, 8, 30, 30, 2]
================================================
[0, 0, 3, 3, 0, 0, 20, 2, 1, 1, 3, 6, 6, 3, 2, 3, 2, 15, 10, 30, 30, 2]
================================================
[0, 0, 3, 3, 0, 0, 9, 2, 1, 1, 4, 5, 5, 2, 2, 3, 1, 14, 8, 30, 30, 2]
================================================
[0, 0, 3, 3, 0, 0, 17, 3, 1, 1, 4, 6, 6, 2, 1, 3, 1, 14, 7, 30, 30, 2]
================================================
[0, 0, 3, 3, 0, 0, 11, 3, 2, 1, 2, 5, 4, 3, 1, 4, 2, 15, 9, 30, 30, 2]
================================================
[0, 0, 3, 3, 0, 0, 16, 3, 1, 1, 2, 5, 4, 2, 1, 4, 2, 12, 7, 29, 29, 2]
================================================
[0, 0, 3, 3, 0, 0, 11, 4, 2, 2, 2, 8, 5, 3, 1, 5, 4, 13, 7, 30, 30, 1]
================================================
[0, 0, 3, 3, 0, 0, 11, 4, 2, 1, 3, 7, 4, 3, 1, 5, 4, 14, 7, 30, 30, 1]
================================================
[0, 0, 3, 3, 0, 0, 10, 3, 2, 3, 3, 3, 3, 2, 2, 3, 2, 12, 8, 29, 29, 2]
================================================
[0, 0, 3, 3, 0, 0, 14, 4, 2, 2, 2, 4, 4, 2, 2, 5, 3, 12, 5, 29, 29, 2]
================================================
[0, 0, 3, 3, 0, 0, 12, 3, 1, 2, 2, 6, 5, 1, 2, 5, 4, 15, 5, 30, 30, 2]
================================================
[0, 0, 3, 3, 0, 0, 20, 3, 2, 1, 1, 7, 7, 2, 1, 7, 6, 14, 4, 30, 30, 3]
================================================
[0, 0, 3, 3, 0, 0, 14, 3, 1, 2, 2, 4, 4, 3, 1, 6, 4, 13, 5, 30, 30, 2]
================================================
[0, 0, 3, 3, 0, 0, 22, 4, 2, 2, 1, 4, 4, 3, 3, 4, 2, 16, 6, 30, 30, 2]
================================================
[0, 0, 3, 3, 0, 0, 10, 3, 2, 1, 1, 6, 6, 3, 4, 4, 2, 16, 6, 30, 30, 2]
================================================
[0, 0, 3, 3, 0, 0, 19, 4, 2, 1, 1, 6, 6, 2, 5, 4, 2, 16, 6, 30, 30, 2]
================================================
[0, 0, 3, 3, 0, 0, 16, 2, 1, 1, 2, 4, 4, 1, 3, 4, 2, 11, 5, 25, 25, 1]
================================================
[0, 0, 3, 3, 0, 0, 17, 3, 2, 2, 2, 3, 3, 1, 2, 4, 2, 10, 5, 28, 28, 2]
================================================
[0, 0, 3, 3, 0, 0, 16, 3, 1, 2, 1, 3, 3, 2, 2, 3, 1, 8, 6, 28, 28, 3]
================================================
[0, 0, 2, 2, 0, 0, 10, 4, 2, 2, 1, 3, 3, 2, 2, 4, 2, 11, 7, 30, 30, 1]
================================================
[0, 0, 3, 3, 0, 0, 14, 4, 2, 2, 2, 4, 4, 1, 2, 4, 3, 12, 6, 30, 30, 2]
================================================
[0, 0, 3, 3, 0, 0, 14, 4, 2, 2, 2, 4, 4, 1, 2, 3, 2, 12, 6, 30, 30, 2]
================================================
[0, 0, 3, 3, 0, 0, 20, 4, 2, 2, 2, 5, 5, 1, 2, 4, 3, 13, 8, 30, 30, 2]
================================================
[0, 0, 3, 3, 0, 0, 11, 3, 2, 1, 2, 4, 4, 1, 2, 5, 4, 14, 10, 30, 30, 2]
================================================
[0, 0, 3, 3, 0, 0, 19, 3, 2, 2, 2, 4, 4, 1, 2, 4, 2, 13, 7, 30, 30, 3]
================================================
[0, 0, 3, 3, 0, 0, 12, 2, 1, 2, 2, 3, 3, 2, 2, 4, 2, 11, 6, 29, 29, 3]
================================================
[0, 0, 3, 3, 0, 0, 15, 3, 1, 1, 1, 4, 4, 1, 3, 6, 4, 16, 6, 30, 30, 2]
================================================
[0, 0, 3, 3, 0, 0, 19, 4, 2, 1, 1, 3, 3, 1, 2, 4, 3, 12, 7, 28, 28, 2]
================================================
[0, 0, 3, 3, 0, 0, 15, 3, 1, 2, 1, 4, 4, 1, 4, 4, 2, 13, 5, 29, 29, 2]
================================================
[0, 0, 3, 3, 0, 0, 11, 4, 2, 2, 2, 3, 3, 2, 4, 4, 1, 10, 5, 29, 29, 2]
================================================
[0, 0, 3, 3, 0, 0, 19, 4, 2, 2, 2, 4, 4, 3, 3, 3, 1, 11, 7, 30, 30, 1]
================================================
[0, 0, 3, 3, 0, 0, 14, 2, 1, 3, 1, 4, 4, 2, 2, 4, 2, 13, 7, 30, 30, 2]
================================================
[0, 0, 3, 3, 0, 0, 18, 3, 1, 3, 1, 4, 4, 2, 1, 4, 2, 14, 7, 30, 30, 1]
================================================
[0, 0, 3, 3, 0, 0, 13, 3, 2, 2, 2, 5, 6, 1, 2, 3, 2, 15, 6, 30, 30, 1]
================================================
[0, 0, 3, 3, 0, 0, 18, 5, 3, 2, 1, 4, 4, 1, 2, 4, 2, 12, 5, 29, 29, 2]
================================================
