第0代 
[2.0, 2.0, 2.0, 2.0, 2.0]
[2.0, 2.0, 2.0, 2.0, 2.0]
[2.0, 2.0, 2.0, 2.0, 2.0]
[2.0, 2.0, 2.0, 2.0, 2.0]
[0.0, 2.0, 2.0, 2.0, 2.0]
[0.0, 2.0, 2.0, 2.0, 2.0]
[2.0, 0.0, 2.0, 2.0, 2.0]
[2.0, 2.0, 2.0, 2.0, 0.0]
[2.0, 2.0, 2.0, 2.0, 0.0]
[2.0, 0.0, 0.0, 2.0, 2.0]
=====================================
第1代 
[2.0, 0.0, 0.0, 2.0, 2.0]
[2.0, 0.0, 0.0, 2.0, 2.0]
[2.0, 0.0, 0.0, 2.0, 2.0]
[0.0, 2.0, 2.0, 2.0, 2.0]
[2.0, 0.0, 2.0, 2.0, 2.0]
[2.0, 2.0, 2.0, 2.0, 0.0]
[2.0, 2.0, 2.0, 2.0, 0.0]
[0.0, 2.0, 2.0, 2.0, 2.0]
[2.0, 2.0, 2.0, 2.0, 0.0]
[2.0, 0.0, 2.0, 2.0, 2.0]
=====================================
第2代 
[2.0, 0.0, 0.0, 2.0, 2.0]
[2.0, 0.0, 0.0, 2.0, 2.0]
[2.0, 0.0, 0.0, 2.0, 2.0]
[0.0, 2.0, 2.0, 2.0, 2.0]
[2.0, 0.0, 2.0, 2.0, 2.0]
[2.0, 2.0, 2.0, 2.0, 0.0]
[2.0, 0.0, 2.0, 2.0, 2.0]
[0.0, 2.0, 2.0, 2.0, 2.0]
[2.0, 2.0, 2.0, 2.0, 2.0]
[2.0, 2.0, 2.0, 2.0, 2.0]
=====================================
第3代 
[2.0, 0.0, 0.0, 2.0, 2.0]
[2.0, 0.0, 0.0, 2.0, 2.0]
[2.0, 0.0, 0.0, 2.0, 2.0]
[0.0, 2.0, 2.0, 2.0, 2.0]
[2.0, 0.0, 2.0, 2.0, 2.0]
[2.0, 2.0, 2.0, 2.0, 0.0]
[0.0, 2.0, 2.0, 2.0, 2.0]
[2.0, 2.0, 2.0, 2.0, 0.0]
[0.0, 2.0, 2.0, 2.0, 2.0]
[2.0, 2.0, 2.0, 2.0, 2.0]
=====================================
第4代 
[2.0, 0.0, 0.0, 2.0, 2.0]
[2.0, 0.0, 0.0, 2.0, 2.0]
[0.0, 2.0, 2.0, 2.0, 2.0]
[2.0, 0.0, 2.0, 2.0, 2.0]
[2.0, 2.0, 2.0, 2.0, 0.0]
[0.0, 2.0, 2.0, 2.0, 2.0]
[2.0, 2.0, 2.0, 2.0, 2.0]
[2.0, 2.0, 2.0, 2.0, 2.0]
[2.0, 2.0, 2.0, 2.0, 2.0]
[2.0, 2.0, 2.0, 2.0, 2.0]
=====================================
第5代 
[2.0, 0.0, 0.0, 2.0, 2.0]
[2.0, 0.0, 0.0, 2.0, 2.0]
[0.0, 2.0, 2.0, 2.0, 2.0]
[2.0, 0.0, 2.0, 2.0, 2.0]
[2.0, 2.0, 2.0, 2.0, 0.0]
[2.0, 2.0, 2.0, 2.0, 0.0]
[0.0, 2.0, 2.0, 2.0, 2.0]
[2.0, 0.0, 2.0, 2.0, 2.0]
[2.0, 2.0, 2.0, 2.0, 2.0]
[0.0, 2.0, 2.0, 2.0, 2.0]
=====================================
第6代 
[0.0, 0.0, 0.0, 2.0, 2.0]
[2.0, 0.0, 0.0, 2.0, 2.0]
[2.0, 0.0, 0.0, 2.0, 2.0]
[0.0, 2.0, 2.0, 2.0, 2.0]
[2.0, 0.0, 2.0, 2.0, 2.0]
[2.0, 2.0, 2.0, 2.0, 0.0]
[0.0, 2.0, 2.0, 2.0, 2.0]
[0.0, 2.0, 2.0, 2.0, 2.0]
[2.0, 0.0, 2.0, 2.0, 2.0]
[2.0, 2.0, 2.0, 2.0, 2.0]
=====================================
第7代 
[2.0, 0.0, 0.0, 2.0, 2.0]
[2.0, 0.0, 0.0, 2.0, 2.0]
[2.0, 0.0, 0.0, 2.0, 2.0]
[0.0, 2.0, 2.0, 2.0, 2.0]
[2.0, 0.0, 2.0, 2.0, 2.0]
[2.0, 2.0, 2.0, 2.0, 0.0]
[0.0, 2.0, 2.0, 2.0, 2.0]
[2.0, 2.0, 2.0, 2.0, 2.0]
[2.0, 2.0, 2.0, 2.0, 2.0]
[2.0, 2.0, 2.0, 2.0, 2.0]
=====================================
第8代 
[2.0, 0.0, 0.0, 2.0, 2.0]
[2.0, 0.0, 0.0, 2.0, 2.0]
[2.0, 0.0, 0.0, 2.0, 2.0]
[0.0, 2.0, 2.0, 2.0, 2.0]
[2.0, 0.0, 2.0, 2.0, 2.0]
[2.0, 2.0, 2.0, 2.0, 0.0]
[2.0, 0.0, 2.0, 2.0, 2.0]
[0.0, 2.0, 2.0, 2.0, 2.0]
[2.0, 2.0, 2.0, 2.0, 2.0]
[2.0, 2.0, 2.0, 2.0, 2.0]
=====================================
第9代 
[2.0, 0.0, 0.0, 2.0, 2.0]
[2.0, 0.0, 0.0, 2.0, 2.0]
[2.0, 0.0, 0.0, 2.0, 2.0]
[2.0, 0.0, 0.0, 2.0, 2.0]
[0.0, 2.0, 2.0, 2.0, 2.0]
[2.0, 0.0, 2.0, 2.0, 2.0]
[2.0, 2.0, 2.0, 2.0, 0.0]
[2.0, 0.0, 2.0, 2.0, 2.0]
[2.0, 2.0, 2.0, 2.0, 2.0]
[2.0, 2.0, 2.0, 2.0, 2.0]
=====================================
第10代 
[2.0, 0.0, 0.0, 2.0, 2.0]
[2.0, 0.0, 0.0, 2.0, 2.0]
[2.0, 0.0, 0.0, 2.0, 2.0]
[2.0, 0.0, 0.0, 2.0, 2.0]
[0.0, 2.0, 2.0, 2.0, 2.0]
[2.0, 0.0, 2.0, 2.0, 2.0]
[2.0, 2.0, 2.0, 2.0, 0.0]
[2.0, 0.0, 2.0, 2.0, 2.0]
[0.0, 2.0, 2.0, 2.0, 2.0]
[2.0, 2.0, 2.0, 2.0, 0.0]
=====================================
第11代 
[0.0, 0.0, 0.0, 2.0, 2.0]
[2.0, 0.0, 0.0, 2.0, 2.0]
[2.0, 0.0, 0.0, 2.0, 2.0]
[2.0, 0.0, 0.0, 2.0, 2.0]
[2.0, 0.0, 0.0, 2.0, 2.0]
[0.0, 2.0, 2.0, 2.0, 2.0]
[2.0, 0.0, 2.0, 2.0, 2.0]
[2.0, 2.0, 2.0, 2.0, 0.0]
[2.0, 2.0, 2.0, 2.0, 0.0]
[2.0, 0.0, 2.0, 2.0, 2.0]
=====================================
第12代 
[0.0, 0.0, 0.0, 2.0, 2.0]
[2.0, 0.0, 0.0, 2.0, 2.0]
[2.0, 0.0, 0.0, 2.0, 2.0]
[0.0, 2.0, 2.0, 2.0, 2.0]
[2.0, 0.0, 2.0, 2.0, 2.0]
[2.0, 2.0, 2.0, 2.0, 0.0]
[2.0, 0.0, 2.0, 2.0, 2.0]
[2.0, 2.0, 2.0, 2.0, 0.0]
[2.0, 2.0, 2.0, 2.0, 2.0]
[2.0, 2.0, 2.0, 2.0, 2.0]
=====================================
第13代 
[0.0, 0.0, 0.0, 2.0, 2.0]
[2.0, 0.0, 0.0, 2.0, 2.0]
[2.0, 0.0, 0.0, 2.0, 2.0]
[0.0, 2.0, 2.0, 2.0, 2.0]
[2.0, 0.0, 2.0, 2.0, 2.0]
[2.0, 2.0, 2.0, 2.0, 0.0]
[0.0, 2.0, 2.0, 2.0, 2.0]
[2.0, 2.0, 2.0, 2.0, 2.0]
[2.0, 2.0, 2.0, 2.0, 2.0]
[0.0, 2.0, 2.0, 2.0, 2.0]
=====================================
第14代 
[0.0, 0.0, 0.0, 2.0, 2.0]
[2.0, 0.0, 0.0, 2.0, 2.0]
[2.0, 0.0, 0.0, 2.0, 2.0]
[0.0, 2.0, 2.0, 2.0, 2.0]
[2.0, 0.0, 2.0, 2.0, 2.0]
[2.0, 2.0, 2.0, 2.0, 0.0]
[2.0, 2.0, 2.0, 2.0, 0.0]
[0.0, 2.0, 2.0, 2.0, 2.0]
[2.0, 0.0, 2.0, 2.0, 2.0]
[2.0, 2.0, 2.0, 2.0, 2.0]
=====================================
第15代 
[2.0, 0.0, 0.0, 2.0, 2.0]
[2.0, 0.0, 0.0, 2.0, 2.0]
[0.0, 2.0, 2.0, 2.0, 2.0]
[2.0, 0.0, 2.0, 2.0, 2.0]
[2.0, 2.0, 2.0, 2.0, 0.0]
[2.0, 2.0, 2.0, 2.0, 0.0]
[2.0, 0.0, 2.0, 2.0, 2.0]
[0.0, 2.0, 2.0, 2.0, 2.0]
[2.0, 2.0, 2.0, 2.0, 2.0]
[2.0, 2.0, 2.0, 2.0, 2.0]
=====================================
第16代 
[0.0, 0.0, 0.0, 2.0, 2.0]
[2.0, 0.0, 0.0, 2.0, 2.0]
[2.0, 0.0, 0.0, 2.0, 2.0]
[0.0, 2.0, 2.0, 2.0, 2.0]
[2.0, 0.0, 2.0, 2.0, 2.0]
[2.0, 2.0, 2.0, 2.0, 0.0]
[2.0, 2.0, 2.0, 2.0, 2.0]
[2.0, 2.0, 2.0, 2.0, 2.0]
[0.0, 2.0, 2.0, 2.0, 2.0]
[0.0, 2.0, 2.0, 2.0, 2.0]
=====================================
第17代 
[0.0, 0.0, 0.0, 2.0, 2.0]
[2.0, 0.0, 0.0, 2.0, 2.0]
[0.0, 2.0, 2.0, 2.0, 2.0]
[2.0, 0.0, 2.0, 2.0, 2.0]
[2.0, 2.0, 2.0, 2.0, 0.0]
[2.0, 0.0, 2.0, 2.0, 2.0]
[0.0, 2.0, 2.0, 2.0, 2.0]
[2.0, 2.0, 2.0, 2.0, 0.0]
[2.0, 2.0, 2.0, 2.0, 2.0]
[2.0, 2.0, 2.0, 2.0, 2.0]
=====================================
第18代 
[2.0, 0.0, 0.0, 2.0, 2.0]
[2.0, 0.0, 0.0, 2.0, 2.0]
[0.0, 2.0, 2.0, 2.0, 2.0]
[2.0, 0.0, 2.0, 2.0, 2.0]
[2.0, 2.0, 2.0, 2.0, 0.0]
[0.0, 2.0, 2.0, 2.0, 2.0]
[2.0, 2.0, 2.0, 2.0, 0.0]
[2.0, 0.0, 2.0, 2.0, 2.0]
[2.0, 2.0, 2.0, 2.0, 2.0]
[2.0, 2.0, 2.0, 2.0, 2.0]
=====================================
第19代 
[2.0, 0.0, 0.0, 2.0, 2.0]
[2.0, 0.0, 0.0, 2.0, 2.0]
[0.0, 2.0, 2.0, 2.0, 2.0]
[2.0, 0.0, 2.0, 2.0, 2.0]
[2.0, 2.0, 2.0, 2.0, 0.0]
[0.0, 2.0, 2.0, 2.0, 2.0]
[2.0, 0.0, 2.0, 2.0, 2.0]
[2.0, 0.0, 2.0, 2.0, 2.0]
[2.0, 2.0, 2.0, 2.0, 2.0]
[2.0, 2.0, 2.0, 2.0, 2.0]
=====================================
第20代 
[0.0, 0.0, 0.0, 2.0, 2.0]
[2.0, 0.0, 0.0, 2.0, 2.0]
[2.0, 0.0, 0.0, 2.0, 2.0]
[0.0, 2.0, 2.0, 2.0, 2.0]
[2.0, 0.0, 2.0, 2.0, 2.0]
[2.0, 2.0, 2.0, 2.0, 0.0]
[0.0, 2.0, 2.0, 2.0, 2.0]
[2.0, 2.0, 2.0, 2.0, 2.0]
[2.0, 2.0, 2.0, 2.0, 2.0]
[2.0, 2.0, 2.0, 2.0, 2.0]
=====================================
第21代 
[0.0, 0.0, 0.0, 2.0, 2.0]
[2.0, 0.0, 0.0, 2.0, 2.0]
[2.0, 0.0, 0.0, 2.0, 2.0]
[0.0, 2.0, 2.0, 2.0, 2.0]
[2.0, 0.0, 2.0, 2.0, 2.0]
[2.0, 2.0, 2.0, 2.0, 0.0]
[2.0, 2.0, 2.0, 2.0, 0.0]
[2.0, 0.0, 2.0, 2.0, 2.0]
[0.0, 2.0, 2.0, 2.0, 2.0]
[2.0, 2.0, 2.0, 2.0, 2.0]
=====================================
第22代 
[0.0, 0.0, 0.0, 2.0, 2.0]
[2.0, 0.0, 0.0, 2.0, 2.0]
[2.0, 0.0, 0.0, 2.0, 2.0]
[0.0, 2.0, 2.0, 2.0, 2.0]
[2.0, 0.0, 2.0, 2.0, 2.0]
[2.0, 2.0, 2.0, 2.0, 0.0]
[0.0, 2.0, 2.0, 2.0, 2.0]
[0.0, 2.0, 2.0, 2.0, 2.0]
[2.0, 2.0, 2.0, 2.0, 0.0]
[2.0, 2.0, 2.0, 2.0, 2.0]
=====================================
第23代 
[0.0, 0.0, 0.0, 2.0, 2.0]
[2.0, 0.0, 0.0, 2.0, 2.0]
[2.0, 0.0, 0.0, 2.0, 2.0]
[0.0, 2.0, 2.0, 2.0, 2.0]
[2.0, 0.0, 2.0, 2.0, 2.0]
[2.0, 2.0, 2.0, 2.0, 0.0]
[0.0, 2.0, 2.0, 2.0, 2.0]
[2.0, 2.0, 2.0, 2.0, 2.0]
[2.0, 2.0, 2.0, 2.0, 2.0]
[2.0, 2.0, 2.0, 2.0, 2.0]
=====================================
第24代 
[0.0, 0.0, 0.0, 2.0, 2.0]
[0.0, 0.0, 0.0, 2.0, 2.0]
[2.0, 0.0, 0.0, 2.0, 2.0]
[0.0, 2.0, 2.0, 2.0, 2.0]
[2.0, 0.0, 2.0, 2.0, 2.0]
[2.0, 2.0, 2.0, 2.0, 0.0]
[0.0, 2.0, 2.0, 2.0, 2.0]
[0.0, 2.0, 2.0, 2.0, 2.0]
[0.0, 2.0, 2.0, 2.0, 2.0]
[2.0, 0.0, 2.0, 2.0, 2.0]
=====================================
第25代 
[0.0, 0.0, 0.0, 2.0, 2.0]
[0.0, 0.0, 0.0, 2.0, 2.0]
[2.0, 0.0, 0.0, 2.0, 2.0]
[0.0, 2.0, 2.0, 2.0, 2.0]
[2.0, 0.0, 2.0, 2.0, 2.0]
[2.0, 2.0, 2.0, 2.0, 0.0]
[0.0, 2.0, 2.0, 2.0, 2.0]
[2.0, 2.0, 2.0, 2.0, 0.0]
[2.0, 2.0, 2.0, 2.0, 2.0]
[2.0, 2.0, 2.0, 2.0, 2.0]
=====================================
第26代 
[0.0, 0.0, 0.0, 2.0, 2.0]
[2.0, 0.0, 0.0, 2.0, 2.0]
[2.0, 0.0, 0.0, 2.0, 2.0]
[0.0, 0.0, 2.0, 2.0, 2.0]
[0.0, 2.0, 0.0, 2.0, 2.0]
[2.0, 0.0, 0.0, 2.0, 2.0]
[0.0, 2.0, 2.0, 2.0, 2.0]
[2.0, 0.0, 2.0, 2.0, 2.0]
[2.0, 2.0, 2.0, 2.0, 0.0]
[0.0, 2.0, 2.0, 2.0, 2.0]
=====================================
第27代 
[0.0, 0.0, 0.0, 2.0, 2.0]
[2.0, 0.0, 0.0, 2.0, 2.0]
[2.0, 0.0, 0.0, 2.0, 2.0]
[0.0, 0.0, 2.0, 2.0, 2.0]
[2.0, 0.0, 0.0, 2.0, 2.0]
[0.0, 2.0, 0.0, 2.0, 2.0]
[0.0, 2.0, 2.0, 2.0, 2.0]
[2.0, 0.0, 2.0, 2.0, 2.0]
[2.0, 2.0, 2.0, 2.0, 0.0]
[2.0, 2.0, 2.0, 2.0, 2.0]
=====================================
第28代 
[0.0, 0.0, 0.0, 2.0, 2.0]
[2.0, 0.0, 0.0, 2.0, 2.0]
[2.0, 0.0, 0.0, 2.0, 2.0]
[2.0, 0.0, 0.0, 2.0, 2.0]
[0.0, 0.0, 2.0, 2.0, 2.0]
[0.0, 2.0, 2.0, 2.0, 2.0]
[2.0, 0.0, 2.0, 2.0, 2.0]
[2.0, 2.0, 2.0, 2.0, 0.0]
[0.0, 2.0, 2.0, 2.0, 2.0]
[0.0, 2.0, 2.0, 2.0, 2.0]
=====================================
第29代 
[0.0, 0.0, 0.0, 2.0, 2.0]
[2.0, 0.0, 0.0, 2.0, 2.0]
[2.0, 0.0, 0.0, 2.0, 2.0]
[2.0, 0.0, 0.0, 2.0, 2.0]
[0.0, 0.0, 2.0, 2.0, 2.0]
[0.0, 2.0, 2.0, 2.0, 2.0]
[2.0, 0.0, 2.0, 2.0, 2.0]
[2.0, 2.0, 2.0, 2.0, 0.0]
[0.0, 2.0, 2.0, 2.0, 2.0]
[2.0, 2.0, 2.0, 2.0, 2.0]
=====================================
第30代 
[0.0, 0.0, 0.0, 2.0, 2.0]
[0.0, 0.0, 0.0, 2.0, 2.0]
[2.0, 0.0, 0.0, 2.0, 2.0]
[0.0, 0.0, 2.0, 2.0, 2.0]
[2.0, 0.0, 0.0, 2.0, 2.0]
[0.0, 2.0, 2.0, 2.0, 2.0]
[2.0, 0.0, 2.0, 2.0, 2.0]
[2.0, 2.0, 2.0, 2.0, 0.0]
[2.0, 0.0, 2.0, 2.0, 2.0]
[2.0, 2.0, 2.0, 2.0, 2.0]
=====================================
第31代 
[0.0, 0.0, 0.0, 2.0, 2.0]
[2.0, 0.0, 0.0, 2.0, 2.0]
[2.0, 0.0, 0.0, 2.0, 2.0]
[0.0, 2.0, 2.0, 2.0, 2.0]
[2.0, 0.0, 2.0, 2.0, 2.0]
[2.0, 2.0, 2.0, 2.0, 0.0]
[2.0, 2.0, 2.0, 2.0, 0.0]
[2.0, 0.0, 2.0, 2.0, 2.0]
[2.0, 2.0, 2.0, 2.0, 2.0]
[2.0, 2.0, 2.0, 2.0, 2.0]
=====================================
第32代 
[0.0, 0.0, 0.0, 2.0, 2.0]
[2.0, 0.0, 0.0, 2.0, 2.0]
[0.0, 2.0, 2.0, 2.0, 2.0]
[2.0, 0.0, 2.0, 2.0, 2.0]
[2.0, 2.0, 2.0, 2.0, 0.0]
[0.0, 2.0, 2.0, 2.0, 2.0]
[0.0, 2.0, 2.0, 2.0, 2.0]
[2.0, 2.0, 2.0, 2.0, 0.0]
[2.0, 2.0, 2.0, 2.0, 2.0]
[2.0, 2.0, 2.0, 2.0, 2.0]
=====================================
第33代 
[0.0, 0.0, 0.0, 2.0, 2.0]
[0.0, 0.0, 0.0, 2.0, 2.0]
[2.0, 0.0, 0.0, 2.0, 2.0]
[2.0, 0.0, 0.0, 2.0, 2.0]
[0.0, 2.0, 2.0, 2.0, 2.0]
[2.0, 0.0, 2.0, 2.0, 2.0]
[2.0, 2.0, 2.0, 2.0, 0.0]
[2.0, 2.0, 0.0, 2.0, 2.0]
[2.0, 0.0, 2.0, 2.0, 2.0]
[2.0, 0.0, 2.0, 2.0, 2.0]
=====================================
第34代 
[0.0, 0.0, 0.0, 2.0, 2.0]
[0.0, 0.0, 0.0, 2.0, 2.0]
[0.0, 0.0, 0.0, 2.0, 2.0]
[2.0, 0.0, 0.0, 2.0, 2.0]
[2.0, 0.0, 0.0, 2.0, 2.0]
[0.0, 2.0, 2.0, 2.0, 2.0]
[2.0, 0.0, 2.0, 2.0, 2.0]
[2.0, 2.0, 2.0, 2.0, 0.0]
[0.0, 2.0, 2.0, 2.0, 2.0]
[2.0, 0.0, 2.0, 2.0, 2.0]
=====================================
第35代 
[0.0, 0.0, 0.0, 2.0, 2.0]
[0.0, 0.0, 0.0, 2.0, 2.0]
[2.0, 0.0, 0.0, 2.0, 2.0]
[0.0, 2.0, 0.0, 2.0, 2.0]
[0.0, 2.0, 2.0, 2.0, 2.0]
[2.0, 0.0, 2.0, 2.0, 2.0]
[2.0, 2.0, 2.0, 2.0, 0.0]
[0.0, 2.0, 2.0, 2.0, 2.0]
[2.0, 2.0, 2.0, 2.0, 2.0]
[2.0, 2.0, 2.0, 2.0, 2.0]
=====================================
第36代 
[0.0, 0.0, 0.0, 2.0, 2.0]
[2.0, 0.0, 0.0, 2.0, 2.0]
[0.0, 2.0, 0.0, 2.0, 2.0]
[0.0, 2.0, 2.0, 2.0, 2.0]
[2.0, 0.0, 2.0, 2.0, 2.0]
[2.0, 2.0, 2.0, 2.0, 0.0]
[2.0, 2.0, 2.0, 2.0, 2.0]
[2.0, 2.0, 2.0, 2.0, 2.0]
[2.0, 2.0, 2.0, 2.0, 2.0]
[0.0, 2.0, 2.0, 2.0, 2.0]
=====================================
第37代 
[0.0, 0.0, 0.0, 2.0, 2.0]
[2.0, 0.0, 0.0, 2.0, 2.0]
[2.0, 0.0, 0.0, 2.0, 2.0]
[0.0, 2.0, 2.0, 2.0, 2.0]
[2.0, 0.0, 2.0, 2.0, 2.0]
[2.0, 2.0, 2.0, 2.0, 0.0]
[2.0, 0.0, 2.0, 2.0, 2.0]
[0.0, 2.0, 2.0, 2.0, 2.0]
[2.0, 2.0, 2.0, 2.0, 0.0]
[2.0, 2.0, 2.0, 2.0, 2.0]
=====================================
第38代 
[0.0, 0.0, 0.0, 2.0, 2.0]
[2.0, 0.0, 0.0, 2.0, 2.0]
[0.0, 2.0, 2.0, 2.0, 2.0]
[2.0, 0.0, 2.0, 2.0, 2.0]
[2.0, 2.0, 2.0, 2.0, 0.0]
[0.0, 2.0, 2.0, 2.0, 2.0]
[2.0, 2.0, 2.0, 2.0, 0.0]
[2.0, 2.0, 2.0, 2.0, 2.0]
[2.0, 2.0, 2.0, 2.0, 2.0]
[0.0, 2.0, 2.0, 2.0, 2.0]
=====================================
第39代 
[0.0, 0.0, 0.0, 2.0, 2.0]
[0.0, 0.0, 0.0, 2.0, 2.0]
[2.0, 0.0, 0.0, 2.0, 2.0]
[2.0, 0.0, 0.0, 2.0, 2.0]
[0.0, 2.0, 2.0, 2.0, 2.0]
[2.0, 0.0, 2.0, 2.0, 2.0]
[2.0, 2.0, 2.0, 2.0, 0.0]
[2.0, 2.0, 2.0, 2.0, 0.0]
[0.0, 2.0, 2.0, 2.0, 2.0]
[2.0, 0.0, 2.0, 2.0, 2.0]
=====================================
第40代 
[0.0, 0.0, 0.0, 2.0, 2.0]
[0.0, 0.0, 0.0, 2.0, 2.0]
[2.0, 0.0, 0.0, 2.0, 2.0]
[2.0, 0.0, 0.0, 2.0, 2.0]
[0.0, 2.0, 2.0, 2.0, 2.0]
[2.0, 0.0, 2.0, 2.0, 2.0]
[2.0, 2.0, 2.0, 2.0, 0.0]
[2.0, 2.0, 2.0, 2.0, 0.0]
[0.0, 2.0, 2.0, 2.0, 2.0]
[2.0, 2.0, 2.0, 2.0, 2.0]
=====================================
第41代 
[0.0, 0.0, 0.0, 2.0, 2.0]
[0.0, 0.0, 0.0, 2.0, 2.0]
[0.0, 0.0, 0.0, 2.0, 2.0]
[2.0, 0.0, 0.0, 2.0, 2.0]
[0.0, 2.0, 0.0, 2.0, 2.0]
[0.0, 2.0, 2.0, 2.0, 2.0]
[2.0, 0.0, 2.0, 2.0, 2.0]
[2.0, 2.0, 2.0, 2.0, 0.0]
[2.0, 2.0, 2.0, 2.0, 0.0]
[2.0, 2.0, 2.0, 2.0, 2.0]
=====================================
第42代 
[0.0, 0.0, 0.0, 2.0, 2.0]
[0.0, 0.0, 0.0, 2.0, 2.0]
[0.0, 0.0, 0.0, 2.0, 2.0]
[2.0, 0.0, 0.0, 2.0, 2.0]
[2.0, 0.0, 0.0, 2.0, 2.0]
[0.0, 2.0, 0.0, 2.0, 2.0]
[0.0, 2.0, 2.0, 2.0, 2.0]
[2.0, 0.0, 2.0, 2.0, 2.0]
[2.0, 2.0, 2.0, 2.0, 0.0]
[2.0, 2.0, 2.0, 2.0, 0.0]
=====================================
第43代 
[0.0, 0.0, 0.0, 2.0, 2.0]
[0.0, 0.0, 0.0, 2.0, 2.0]
[0.0, 0.0, 0.0, 2.0, 2.0]
[2.0, 0.0, 0.0, 2.0, 2.0]
[2.0, 0.0, 0.0, 2.0, 2.0]
[0.0, 2.0, 2.0, 2.0, 2.0]
[2.0, 0.0, 2.0, 2.0, 2.0]
[2.0, 2.0, 2.0, 2.0, 0.0]
[2.0, 2.0, 2.0, 2.0, 0.0]
[0.0, 2.0, 2.0, 2.0, 2.0]
=====================================
第44代 
[0.0, 0.0, 0.0, 2.0, 2.0]
[0.0, 0.0, 0.0, 2.0, 2.0]
[2.0, 0.0, 0.0, 2.0, 2.0]
[2.0, 0.0, 0.0, 2.0, 2.0]
[0.0, 2.0, 2.0, 2.0, 2.0]
[2.0, 0.0, 2.0, 2.0, 2.0]
[2.0, 2.0, 2.0, 2.0, 0.0]
[2.0, 2.0, 2.0, 2.0, 0.0]
[0.0, 2.0, 2.0, 2.0, 2.0]
[2.0, 2.0, 2.0, 2.0, 2.0]
=====================================
第0代 
[0.0, 0.0, 0.0, 2.0, 2.0, 2.0, 2.0, 2.0, 0.0, 0.0, 0.0, 2.0]
[0.0, 0.0, 0.0, 2.0, 2.0, 2.0, 2.0, 2.0, 0.0, 0.0, 0.0, 2.0]
[0.0, 0.0, 0.0, 2.0, 2.0, 2.0, 2.0, 2.0, 0.0, 0.0, 0.0, 2.0]
[0.0, 0.0, 0.0, 2.0, 2.0, 2.0, 2.0, 2.0, 0.0, 0.0, 0.0, 2.0]
[0.0, 0.0, 0.0, 2.0, 2.0, 2.0, 2.0, 2.0, 0.0, 0.0, 0.0, 2.0]
[0.0, 0.0, 0.0, 2.0, 2.0, 2.0, 2.0, 2.0, 0.0, 0.0, 0.0, 2.0]
[2.0, 2.0, 0.0, 2.0, 2.0, 2.0, 2.0, 2.0, 2.0, 2.0, 2.0, 2.0]
[2.0, 2.0, 0.0, 2.0, 2.0, 2.0, 2.0, 2.0, 2.0, 2.0, 2.0, 2.0]
[2.0, 2.0, 0.0, 2.0, 2.0, 2.0, 2.0, 2.0, 2.0, 2.0, 2.0, 2.0]
[0.0, 0.0, 0.0, 2.0, 2.0, 2.0, 2.0, 2.0, 0.0, 0.0, 0.0, 2.0]
[0.0, 0.0, 0.0, 2.0, 2.0, 2.0, 2.0, 2.0, 0.0, 0.0, 0.0, 2.0]
[2.0, 2.0, 0.0, 2.0, 2.0, 2.0, 2.0, 2.0, 2.0, 2.0, 2.0, 2.0]
[0.0, 0.0, 0.0, 2.0, 2.0, 2.0, 2.0, 2.0, 0.0, 0.0, 0.0, 2.0]
[2.0, 2.0, 0.0, 2.0, 0.0, 0.0, 2.0, 2.0, 2.0, 2.0, 2.0, 2.0]
[0.0, 0.0, 0.0, 2.0, 2.0, 2.0, 2.0, 2.0, 0.0, 0.0, 0.0, 2.0]
[0.0, 0.0, 0.0, 2.0, 2.0, 2.0, 2.0, 2.0, 0.0, 0.0, 0.0, 2.0]
[0.0, 0.0, 0.0, 2.0, 2.0, 2.0, 2.0, 2.0, 0.0, 0.0, 0.0, 2.0]
[2.0, 2.0, 0.0, 2.0, 2.0, 2.0, 2.0, 2.0, 2.0, 2.0, 2.0, 0.0]
=====================================
第0代 
[0.0, 0.0, 0.0, 2.0, 2.0, 2.0, 2.0, 2.0, 0.0, 0.0, 0.0, 2.0]
[2.0, 2.0, 0.0, 2.0, 2.0, 2.0, 2.0, 2.0, 2.0, 2.0, 2.0, 2.0]
[0.0, 0.0, 0.0, 2.0, 2.0, 2.0, 2.0, 2.0, 0.0, 0.0, 0.0, 2.0]
[0.0, 0.0, 0.0, 2.0, 2.0, 2.0, 0.0, 0.0, 0.0, 0.0, 0.0, 2.0]
[2.0, 2.0, 0.0, 2.0, 2.0, 2.0, 2.0, 2.0, 2.0, 2.0, 2.0, 2.0]
[0.0, 0.0, 0.0, 2.0, 2.0, 2.0, 2.0, 2.0, 0.0, 0.0, 0.0, 2.0]
[2.0, 2.0, 0.0, 2.0, 2.0, 2.0, 2.0, 2.0, 2.0, 2.0, 2.0, 2.0]
[0.0, 0.0, 0.0, 2.0, 2.0, 2.0, 2.0, 2.0, 0.0, 0.0, 0.0, 2.0]
[2.0, 2.0, 0.0, 2.0, 2.0, 2.0, 2.0, 2.0, 2.0, 2.0, 2.0, 2.0]
[2.0, 2.0, 0.0, 2.0, 2.0, 2.0, 2.0, 2.0, 2.0, 2.0, 2.0, 2.0]
[0.0, 0.0, 0.0, 0.0, 2.0, 2.0, 2.0, 2.0, 0.0, 0.0, 0.0, 2.0]
[0.0, 2.0, 0.0, 2.0, 2.0, 2.0, 2.0, 2.0, 0.0, 0.0, 0.0, 2.0]
[0.0, 2.0, 0.0, 2.0, 2.0, 2.0, 2.0, 2.0, 0.0, 0.0, 0.0, 2.0]
[2.0, 2.0, 0.0, 2.0, 2.0, 2.0, 2.0, 2.0, 2.0, 2.0, 2.0, 2.0]
[0.0, 0.0, 0.0, 2.0, 2.0, 2.0, 0.0, 0.0, 0.0, 0.0, 0.0, 2.0]
[2.0, 2.0, 0.0, 2.0, 0.0, 0.0, 2.0, 2.0, 2.0, 2.0, 2.0, 2.0]
[2.0, 2.0, 0.0, 2.0, 2.0, 2.0, 2.0, 2.0, 2.0, 2.0, 2.0, 2.0]
[2.0, 2.0, 0.0, 2.0, 2.0, 2.0, 0.0, 0.0, 2.0, 2.0, 2.0, 2.0]
=====================================
第0代 
[0.0, 2.0, 0.0, 2.0, 2.0, 2.0, 2.0, 2.0, 0.0, 0.0, 0.0, 2.0]
[2.0, 2.0, 0.0, 2.0, 2.0, 2.0, 2.0, 2.0, 2.0, 2.0, 2.0, 2.0]
[2.0, 2.0, 0.0, 2.0, 2.0, 2.0, 2.0, 2.0, 2.0, 2.0, 2.0, 2.0]
[2.0, 2.0, 0.0, 2.0, 2.0, 2.0, 2.0, 2.0, 2.0, 2.0, 2.0, 2.0]
[0.0, 0.0, 0.0, 0.0, 2.0, 2.0, 2.0, 2.0, 0.0, 0.0, 0.0, 2.0]
[2.0, 2.0, 0.0, 2.0, 2.0, 2.0, 2.0, 2.0, 2.0, 2.0, 2.0, 2.0]
[0.0, 0.0, 0.0, 2.0, 2.0, 2.0, 2.0, 2.0, 0.0, 0.0, 0.0, 2.0]
[0.0, 2.0, 0.0, 2.0, 2.0, 2.0, 2.0, 2.0, 0.0, 0.0, 0.0, 2.0]
[0.0, 0.0, 0.0, 0.0, 2.0, 2.0, 2.0, 2.0, 0.0, 0.0, 0.0, 2.0]
[2.0, 2.0, 0.0, 2.0, 2.0, 2.0, 2.0, 2.0, 2.0, 2.0, 2.0, 0.0]
[0.0, 2.0, 0.0, 2.0, 2.0, 2.0, 2.0, 2.0, 0.0, 0.0, 0.0, 2.0]
[2.0, 2.0, 0.0, 2.0, 2.0, 2.0, 0.0, 0.0, 2.0, 2.0, 2.0, 2.0]
[0.0, 0.0, 0.0, 2.0, 2.0, 2.0, 2.0, 2.0, 0.0, 0.0, 0.0, 2.0]
[0.0, 0.0, 0.0, 2.0, 2.0, 2.0, 2.0, 2.0, 0.0, 0.0, 0.0, 2.0]
[2.0, 2.0, 0.0, 2.0, 2.0, 2.0, 2.0, 2.0, 2.0, 2.0, 2.0, 2.0]
[0.0, 0.0, 0.0, 2.0, 2.0, 2.0, 2.0, 2.0, 0.0, 0.0, 0.0, 2.0]
[2.0, 2.0, 0.0, 2.0, 2.0, 2.0, 2.0, 2.0, 2.0, 2.0, 2.0, 0.0]
[0.0, 0.0, 0.0, 2.0, 2.0, 2.0, 2.0, 2.0, 0.0, 0.0, 0.0, 2.0]
=====================================
第0代 
[2.0, 2.0, 0.0, 2.0, 2.0, 2.0, 2.0, 2.0, 2.0, 2.0, 2.0, 2.0]
[2.0, 2.0, 0.0, 2.0, 2.0, 2.0, 2.0, 2.0, 2.0, 2.0, 2.0, 2.0]
[2.0, 2.0, 0.0, 2.0, 2.0, 2.0, 2.0, 2.0, 2.0, 2.0, 2.0, 2.0]
[0.0, 2.0, 0.0, 2.0, 2.0, 2.0, 2.0, 2.0, 0.0, 0.0, 0.0, 2.0]
[0.0, 0.0, 0.0, 2.0, 2.0, 2.0, 2.0, 2.0, 0.0, 0.0, 0.0, 2.0]
[2.0, 2.0, 0.0, 2.0, 2.0, 2.0, 0.0, 0.0, 2.0, 2.0, 2.0, 2.0]
[0.0, 2.0, 0.0, 2.0, 2.0, 2.0, 2.0, 2.0, 0.0, 0.0, 0.0, 2.0]
[0.0, 0.0, 0.0, 2.0, 2.0, 2.0, 2.0, 2.0, 0.0, 0.0, 0.0, 2.0]
[2.0, 2.0, 0.0, 2.0, 2.0, 2.0, 2.0, 2.0, 2.0, 2.0, 2.0, 2.0]
[0.0, 0.0, 0.0, 2.0, 2.0, 2.0, 2.0, 2.0, 0.0, 0.0, 0.0, 2.0]
[2.0, 2.0, 0.0, 2.0, 2.0, 2.0, 2.0, 2.0, 2.0, 2.0, 2.0, 2.0]
[2.0, 2.0, 0.0, 2.0, 2.0, 2.0, 0.0, 0.0, 2.0, 2.0, 2.0, 2.0]
[2.0, 2.0, 0.0, 2.0, 2.0, 2.0, 2.0, 2.0, 2.0, 2.0, 2.0, 2.0]
[2.0, 2.0, 0.0, 2.0, 2.0, 2.0, 2.0, 2.0, 2.0, 2.0, 2.0, 2.0]
[0.0, 0.0, 0.0, 2.0, 2.0, 2.0, 2.0, 2.0, 0.0, 0.0, 0.0, 2.0]
[0.0, 2.0, 0.0, 2.0, 2.0, 2.0, 2.0, 2.0, 0.0, 0.0, 0.0, 2.0]
[0.0, 0.0, 0.0, 2.0, 2.0, 2.0, 2.0, 2.0, 0.0, 0.0, 0.0, 2.0]
[2.0, 2.0, 0.0, 2.0, 0.0, 0.0, 2.0, 2.0, 2.0, 2.0, 2.0, 2.0]
=====================================
第1代 
[0.0, 0.0, 0.0, 2.0, 2.0, 2.0, 2.0, 2.0, 0.0, 0.0, 0.0, 2.0]
[0.0, 0.0, 0.0, 2.0, 2.0, 2.0, 2.0, 2.0, 0.0, 0.0, 0.0, 2.0]
[0.0, 0.0, 0.0, 2.0, 2.0, 2.0, 2.0, 2.0, 0.0, 0.0, 0.0, 2.0]
[0.0, 0.0, 0.0, 2.0, 2.0, 2.0, 2.0, 2.0, 0.0, 0.0, 0.0, 2.0]
[0.0, 0.0, 0.0, 2.0, 2.0, 2.0, 2.0, 2.0, 0.0, 0.0, 0.0, 2.0]
[0.0, 0.0, 0.0, 2.0, 2.0, 2.0, 2.0, 2.0, 0.0, 0.0, 0.0, 2.0]
[0.0, 0.0, 0.0, 2.0, 2.0, 2.0, 2.0, 2.0, 0.0, 0.0, 0.0, 2.0]
[0.0, 0.0, 0.0, 2.0, 2.0, 2.0, 2.0, 2.0, 0.0, 0.0, 0.0, 2.0]
[0.0, 2.0, 0.0, 2.0, 2.0, 2.0, 2.0, 2.0, 0.0, 0.0, 0.0, 2.0]
[0.0, 2.0, 0.0, 2.0, 2.0, 2.0, 2.0, 2.0, 0.0, 0.0, 0.0, 2.0]
[0.0, 2.0, 0.0, 2.0, 2.0, 2.0, 2.0, 2.0, 0.0, 0.0, 0.0, 2.0]
[0.0, 2.0, 0.0, 2.0, 2.0, 2.0, 2.0, 2.0, 0.0, 0.0, 0.0, 2.0]
[0.0, 2.0, 0.0, 2.0, 2.0, 2.0, 2.0, 2.0, 0.0, 0.0, 0.0, 2.0]
[0.0, 2.0, 0.0, 2.0, 2.0, 2.0, 2.0, 2.0, 0.0, 0.0, 0.0, 2.0]
[2.0, 2.0, 0.0, 2.0, 2.0, 2.0, 0.0, 0.0, 2.0, 2.0, 2.0, 2.0]
[2.0, 2.0, 0.0, 2.0, 2.0, 2.0, 0.0, 0.0, 2.0, 2.0, 2.0, 2.0]
[2.0, 2.0, 0.0, 2.0, 0.0, 0.0, 2.0, 2.0, 2.0, 2.0, 2.0, 2.0]
[2.0, 2.0, 0.0, 2.0, 0.0, 0.0, 2.0, 2.0, 2.0, 2.0, 2.0, 2.0]
=====================================
第2代 
[0.0, 0.0, 0.0, 2.0, 2.0, 2.0, 0.0, 0.0, 0.0, 0.0, 0.0, 2.0]
[0.0, 0.0, 0.0, 2.0, 2.0, 2.0, 2.0, 2.0, 0.0, 0.0, 0.0, 2.0]
[0.0, 0.0, 0.0, 2.0, 2.0, 2.0, 2.0, 2.0, 0.0, 0.0, 0.0, 2.0]
[0.0, 0.0, 0.0, 2.0, 2.0, 2.0, 2.0, 2.0, 0.0, 0.0, 0.0, 2.0]
[0.0, 0.0, 0.0, 2.0, 2.0, 2.0, 2.0, 2.0, 0.0, 0.0, 0.0, 2.0]
[0.0, 0.0, 0.0, 2.0, 2.0, 2.0, 2.0, 2.0, 0.0, 0.0, 0.0, 2.0]
[0.0, 0.0, 0.0, 2.0, 2.0, 2.0, 2.0, 2.0, 0.0, 0.0, 0.0, 2.0]
[0.0, 0.0, 0.0, 2.0, 2.0, 2.0, 2.0, 2.0, 0.0, 0.0, 0.0, 2.0]
[0.0, 0.0, 0.0, 2.0, 2.0, 2.0, 2.0, 2.0, 0.0, 0.0, 0.0, 2.0]
[0.0, 0.0, 0.0, 2.0, 2.0, 2.0, 2.0, 2.0, 0.0, 0.0, 0.0, 2.0]
[0.0, 2.0, 0.0, 2.0, 2.0, 2.0, 2.0, 2.0, 0.0, 0.0, 0.0, 2.0]
[0.0, 2.0, 0.0, 2.0, 2.0, 2.0, 2.0, 2.0, 0.0, 0.0, 0.0, 2.0]
[0.0, 2.0, 0.0, 2.0, 2.0, 2.0, 2.0, 2.0, 0.0, 0.0, 0.0, 2.0]
[0.0, 2.0, 0.0, 2.0, 2.0, 2.0, 2.0, 2.0, 0.0, 0.0, 0.0, 2.0]
[0.0, 2.0, 0.0, 2.0, 2.0, 2.0, 2.0, 2.0, 0.0, 0.0, 0.0, 2.0]
[0.0, 2.0, 0.0, 2.0, 2.0, 2.0, 2.0, 2.0, 0.0, 0.0, 0.0, 2.0]
[0.0, 2.0, 0.0, 2.0, 2.0, 2.0, 2.0, 2.0, 0.0, 0.0, 0.0, 2.0]
[0.0, 2.0, 0.0, 2.0, 2.0, 2.0, 2.0, 2.0, 0.0, 0.0, 0.0, 2.0]
=====================================
第3代 
[0.0, 0.0, 0.0, 2.0, 2.0, 2.0, 0.0, 0.0, 0.0, 0.0, 0.0, 2.0]
[0.0, 0.0, 0.0, 2.0, 2.0, 2.0, 2.0, 2.0, 0.0, 0.0, 0.0, 2.0]
[0.0, 0.0, 0.0, 2.0, 2.0, 2.0, 2.0, 2.0, 0.0, 0.0, 0.0, 2.0]
[0.0, 0.0, 0.0, 2.0, 2.0, 2.0, 2.0, 2.0, 0.0, 0.0, 0.0, 2.0]
[0.0, 0.0, 0.0, 2.0, 2.0, 2.0, 2.0, 2.0, 0.0, 0.0, 0.0, 2.0]
[0.0, 0.0, 0.0, 2.0, 2.0, 2.0, 2.0, 2.0, 0.0, 0.0, 0.0, 2.0]
[0.0, 0.0, 0.0, 2.0, 2.0, 2.0, 2.0, 2.0, 0.0, 0.0, 0.0, 2.0]
[0.0, 0.0, 0.0, 2.0, 2.0, 2.0, 2.0, 2.0, 0.0, 0.0, 0.0, 2.0]
[0.0, 0.0, 0.0, 2.0, 2.0, 2.0, 2.0, 2.0, 0.0, 0.0, 0.0, 2.0]
[0.0, 0.0, 0.0, 2.0, 2.0, 2.0, 2.0, 2.0, 0.0, 0.0, 0.0, 2.0]
[0.0, 2.0, 0.0, 2.0, 2.0, 2.0, 2.0, 2.0, 0.0, 0.0, 0.0, 2.0]
[0.0, 2.0, 0.0, 2.0, 2.0, 2.0, 2.0, 2.0, 0.0, 0.0, 0.0, 2.0]
[0.0, 2.0, 0.0, 2.0, 2.0, 2.0, 2.0, 2.0, 0.0, 0.0, 0.0, 2.0]
[0.0, 2.0, 0.0, 2.0, 2.0, 2.0, 2.0, 2.0, 0.0, 0.0, 0.0, 2.0]
[0.0, 2.0, 0.0, 2.0, 2.0, 2.0, 2.0, 2.0, 0.0, 0.0, 0.0, 2.0]
[0.0, 2.0, 0.0, 2.0, 2.0, 2.0, 2.0, 2.0, 0.0, 0.0, 0.0, 2.0]
[0.0, 2.0, 0.0, 2.0, 2.0, 2.0, 2.0, 2.0, 0.0, 0.0, 0.0, 2.0]
[0.0, 2.0, 0.0, 2.0, 2.0, 2.0, 2.0, 2.0, 0.0, 0.0, 0.0, 2.0]
=====================================
第4代 
[0.0, 0.0, 0.0, 2.0, 2.0, 2.0, 0.0, 0.0, 0.0, 0.0, 0.0, 2.0]
[0.0, 0.0, 0.0, 2.0, 2.0, 2.0, 0.0, 0.0, 0.0, 0.0, 0.0, 2.0]
[0.0, 0.0, 0.0, 2.0, 2.0, 2.0, 2.0, 2.0, 0.0, 0.0, 0.0, 2.0]
[0.0, 0.0, 0.0, 2.0, 2.0, 2.0, 2.0, 2.0, 0.0, 0.0, 0.0, 2.0]
[0.0, 0.0, 0.0, 2.0, 2.0, 2.0, 2.0, 2.0, 0.0, 0.0, 0.0, 2.0]
[0.0, 0.0, 0.0, 2.0, 2.0, 2.0, 2.0, 2.0, 0.0, 0.0, 0.0, 2.0]
[0.0, 0.0, 0.0, 2.0, 2.0, 2.0, 2.0, 2.0, 0.0, 0.0, 0.0, 2.0]
[0.0, 2.0, 0.0, 0.0, 2.0, 2.0, 2.0, 2.0, 0.0, 0.0, 0.0, 2.0]
[0.0, 0.0, 0.0, 2.0, 2.0, 2.0, 2.0, 2.0, 0.0, 0.0, 0.0, 2.0]
[0.0, 0.0, 0.0, 2.0, 2.0, 2.0, 2.0, 2.0, 0.0, 0.0, 0.0, 2.0]
[0.0, 0.0, 0.0, 2.0, 2.0, 2.0, 2.0, 2.0, 0.0, 0.0, 0.0, 2.0]
[0.0, 0.0, 0.0, 2.0, 2.0, 2.0, 2.0, 2.0, 0.0, 0.0, 0.0, 2.0]
[0.0, 0.0, 0.0, 2.0, 2.0, 2.0, 2.0, 2.0, 0.0, 0.0, 0.0, 2.0]
[0.0, 0.0, 0.0, 2.0, 2.0, 2.0, 2.0, 2.0, 0.0, 0.0, 0.0, 2.0]
[0.0, 2.0, 0.0, 2.0, 2.0, 2.0, 2.0, 2.0, 0.0, 0.0, 0.0, 2.0]
[0.0, 2.0, 0.0, 2.0, 2.0, 2.0, 2.0, 2.0, 0.0, 0.0, 0.0, 2.0]
[0.0, 2.0, 0.0, 2.0, 2.0, 2.0, 2.0, 2.0, 0.0, 0.0, 0.0, 2.0]
[0.0, 2.0, 0.0, 2.0, 2.0, 2.0, 2.0, 2.0, 0.0, 0.0, 0.0, 2.0]
=====================================
第5代 
[0.0, 0.0, 0.0, 2.0, 2.0, 2.0, 0.0, 0.0, 0.0, 0.0, 0.0, 2.0]
[0.0, 0.0, 0.0, 2.0, 2.0, 2.0, 0.0, 0.0, 0.0, 0.0, 0.0, 2.0]
[0.0, 0.0, 0.0, 2.0, 2.0, 2.0, 2.0, 2.0, 0.0, 0.0, 0.0, 2.0]
[0.0, 2.0, 0.0, 0.0, 2.0, 2.0, 2.0, 2.0, 0.0, 0.0, 0.0, 2.0]
[0.0, 0.0, 0.0, 2.0, 2.0, 2.0, 2.0, 2.0, 0.0, 0.0, 0.0, 2.0]
[0.0, 0.0, 0.0, 2.0, 2.0, 2.0, 2.0, 2.0, 0.0, 0.0, 0.0, 2.0]
[0.0, 0.0, 0.0, 2.0, 2.0, 2.0, 2.0, 2.0, 0.0, 0.0, 0.0, 2.0]
[0.0, 0.0, 0.0, 2.0, 2.0, 2.0, 2.0, 2.0, 0.0, 0.0, 0.0, 2.0]
[0.0, 0.0, 0.0, 2.0, 2.0, 2.0, 2.0, 2.0, 0.0, 0.0, 0.0, 2.0]
[0.0, 0.0, 0.0, 2.0, 2.0, 2.0, 2.0, 2.0, 0.0, 0.0, 0.0, 2.0]
[0.0, 0.0, 0.0, 2.0, 2.0, 2.0, 2.0, 2.0, 0.0, 0.0, 0.0, 2.0]
[0.0, 2.0, 0.0, 2.0, 2.0, 2.0, 2.0, 2.0, 0.0, 0.0, 0.0, 2.0]
[0.0, 2.0, 0.0, 2.0, 2.0, 2.0, 2.0, 2.0, 0.0, 0.0, 0.0, 2.0]
[0.0, 2.0, 0.0, 2.0, 2.0, 2.0, 2.0, 2.0, 0.0, 0.0, 0.0, 2.0]
[0.0, 2.0, 0.0, 2.0, 2.0, 2.0, 2.0, 2.0, 0.0, 0.0, 0.0, 2.0]
[0.0, 2.0, 0.0, 2.0, 2.0, 2.0, 2.0, 2.0, 0.0, 0.0, 0.0, 2.0]
[0.0, 2.0, 0.0, 2.0, 2.0, 2.0, 2.0, 2.0, 0.0, 0.0, 0.0, 2.0]
[0.0, 2.0, 0.0, 2.0, 2.0, 2.0, 2.0, 2.0, 0.0, 0.0, 0.0, 2.0]
=====================================
第6代 
[0.0, 0.0, 0.0, 2.0, 2.0, 2.0, 0.0, 0.0, 0.0, 0.0, 0.0, 2.0]
[0.0, 0.0, 0.0, 2.0, 2.0, 2.0, 0.0, 0.0, 0.0, 0.0, 0.0, 2.0]
[0.0, 0.0, 0.0, 2.0, 2.0, 2.0, 2.0, 2.0, 0.0, 0.0, 0.0, 2.0]
[0.0, 2.0, 0.0, 0.0, 2.0, 2.0, 2.0, 2.0, 0.0, 0.0, 0.0, 2.0]
[0.0, 0.0, 0.0, 2.0, 2.0, 2.0, 2.0, 2.0, 0.0, 0.0, 0.0, 2.0]
[0.0, 0.0, 0.0, 2.0, 2.0, 2.0, 2.0, 2.0, 0.0, 0.0, 0.0, 2.0]
[0.0, 0.0, 0.0, 2.0, 2.0, 2.0, 2.0, 2.0, 0.0, 0.0, 0.0, 2.0]
[0.0, 0.0, 0.0, 2.0, 2.0, 2.0, 2.0, 2.0, 0.0, 0.0, 0.0, 2.0]
[0.0, 0.0, 0.0, 2.0, 2.0, 2.0, 2.0, 2.0, 0.0, 0.0, 0.0, 2.0]
[0.0, 0.0, 0.0, 2.0, 2.0, 2.0, 2.0, 2.0, 0.0, 0.0, 0.0, 2.0]
[0.0, 0.0, 0.0, 2.0, 2.0, 2.0, 2.0, 2.0, 0.0, 0.0, 0.0, 2.0]
[0.0, 0.0, 0.0, 2.0, 2.0, 2.0, 2.0, 2.0, 0.0, 0.0, 0.0, 2.0]
[0.0, 0.0, 0.0, 2.0, 2.0, 2.0, 2.0, 2.0, 0.0, 0.0, 0.0, 2.0]
[0.0, 2.0, 0.0, 2.0, 2.0, 2.0, 2.0, 2.0, 0.0, 0.0, 0.0, 2.0]
[0.0, 2.0, 0.0, 2.0, 2.0, 2.0, 2.0, 2.0, 0.0, 0.0, 0.0, 2.0]
[0.0, 2.0, 0.0, 2.0, 2.0, 2.0, 2.0, 2.0, 0.0, 0.0, 0.0, 2.0]
[0.0, 2.0, 0.0, 2.0, 2.0, 2.0, 2.0, 2.0, 0.0, 0.0, 0.0, 2.0]
[0.0, 2.0, 0.0, 2.0, 2.0, 2.0, 2.0, 2.0, 0.0, 0.0, 0.0, 2.0]
=====================================
第7代 
[0.0, 0.0, 0.0, 2.0, 2.0, 2.0, 0.0, 0.0, 0.0, 0.0, 0.0, 2.0]
[0.0, 0.0, 0.0, 2.0, 2.0, 2.0, 0.0, 0.0, 0.0, 0.0, 0.0, 2.0]
[0.0, 0.0, 0.0, 2.0, 2.0, 2.0, 2.0, 2.0, 0.0, 0.0, 0.0, 2.0]
[0.0, 2.0, 0.0, 0.0, 2.0, 2.0, 2.0, 2.0, 0.0, 0.0, 0.0, 2.0]
[0.0, 0.0, 0.0, 2.0, 2.0, 2.0, 2.0, 2.0, 0.0, 0.0, 0.0, 2.0]
[0.0, 0.0, 0.0, 2.0, 2.0, 2.0, 2.0, 2.0, 0.0, 0.0, 0.0, 2.0]
[0.0, 0.0, 0.0, 2.0, 2.0, 2.0, 2.0, 2.0, 0.0, 0.0, 0.0, 2.0]
[0.0, 0.0, 0.0, 2.0, 2.0, 2.0, 2.0, 2.0, 0.0, 0.0, 0.0, 2.0]
[0.0, 0.0, 0.0, 2.0, 2.0, 2.0, 2.0, 2.0, 0.0, 0.0, 0.0, 2.0]
[0.0, 0.0, 0.0, 2.0, 2.0, 2.0, 2.0, 2.0, 0.0, 0.0, 0.0, 2.0]
[0.0, 0.0, 0.0, 2.0, 2.0, 2.0, 2.0, 2.0, 0.0, 0.0, 0.0, 2.0]
[0.0, 0.0, 0.0, 2.0, 2.0, 2.0, 2.0, 2.0, 0.0, 0.0, 0.0, 2.0]
[0.0, 0.0, 0.0, 2.0, 2.0, 2.0, 2.0, 2.0, 0.0, 0.0, 0.0, 2.0]
[0.0, 0.0, 0.0, 2.0, 2.0, 2.0, 2.0, 2.0, 0.0, 0.0, 0.0, 2.0]
[0.0, 2.0, 0.0, 2.0, 2.0, 2.0, 2.0, 2.0, 0.0, 0.0, 0.0, 2.0]
[0.0, 2.0, 0.0, 2.0, 2.0, 2.0, 2.0, 2.0, 0.0, 0.0, 0.0, 2.0]
[0.0, 2.0, 0.0, 2.0, 2.0, 2.0, 2.0, 2.0, 0.0, 0.0, 0.0, 2.0]
[0.0, 2.0, 0.0, 2.0, 2.0, 2.0, 2.0, 2.0, 0.0, 0.0, 0.0, 2.0]
=====================================
第0代 
[0.0, 2.0, 2.0]
[2.0, 2.0, 2.0]
[2.0, 2.0, 2.0]
[0.0, 2.0, 2.0]
[2.0, 2.0, 2.0]
[2.0, 2.0, 2.0]
=====================================
第0代 
[0.0, 2.0, 2.0]
[2.0, 2.0, 2.0]
[2.0, 2.0, 2.0]
[2.0, 2.0, 2.0]
[0.0, 2.0, 2.0]
[0.0, 2.0, 2.0]
=====================================
第1代 
[0.0, 2.0, 2.0]
[0.0, 2.0, 2.0]
[0.0, 2.0, 2.0]
[0.0, 2.0, 2.0]
[2.0, 2.0, 2.0]
[2.0, 2.0, 2.0]
=====================================
第0代 
[2.0, 2.0, 2.0]
[2.0, 2.0, 2.0]
[0.0, 2.0, 2.0]
[2.0, 2.0, 2.0]
[2.0, 2.0, 2.0]
[2.0, 2.0, 2.0]
=====================================
第1代 
[0.0, 2.0, 2.0]
[0.0, 2.0, 2.0]
[0.0, 2.0, 2.0]
[0.0, 2.0, 2.0]
[0.0, 2.0, 2.0]
[2.0, 2.0, 2.0]
=====================================
第2代 
[0.0, 2.0, 2.0]
[0.0, 2.0, 2.0]
[0.0, 2.0, 2.0]
[0.0, 2.0, 2.0]
[2.0, 2.0, 2.0]
[2.0, 2.0, 2.0]
=====================================
第3代 
[0.0, 2.0, 2.0]
[2.0, 2.0, 2.0]
[2.0, 2.0, 2.0]
[2.0, 2.0, 2.0]
[2.0, 2.0, 2.0]
[0.0, 2.0, 2.0]
=====================================
第4代 
[0.0, 2.0, 2.0]
[0.0, 2.0, 2.0]
[0.0, 2.0, 2.0]
[2.0, 2.0, 2.0]
[2.0, 2.0, 2.0]
[0.0, 2.0, 2.0]
=====================================
第5代 
[0.0, 2.0, 2.0]
[0.0, 2.0, 2.0]
[0.0, 2.0, 2.0]
[2.0, 2.0, 2.0]
[2.0, 2.0, 2.0]
[2.0, 2.0, 2.0]
=====================================
第6代 
[0.0, 2.0, 2.0]
[0.0, 2.0, 2.0]
[0.0, 2.0, 2.0]
[0.0, 2.0, 2.0]
[0.0, 2.0, 2.0]
[2.0, 2.0, 2.0]
=====================================
第7代 
[0.0, 2.0, 2.0]
[0.0, 2.0, 2.0]
[0.0, 2.0, 2.0]
[2.0, 2.0, 2.0]
[2.0, 2.0, 2.0]
[2.0, 2.0, 2.0]
=====================================
第8代 
[0.0, 2.0, 2.0]
[0.0, 2.0, 2.0]
[0.0, 2.0, 2.0]
[0.0, 2.0, 2.0]
[0.0, 2.0, 2.0]
[2.0, 2.0, 2.0]
=====================================
第9代 
[0.0, 2.0, 2.0]
[0.0, 2.0, 2.0]
[0.0, 2.0, 2.0]
[0.0, 2.0, 2.0]
[2.0, 2.0, 2.0]
[2.0, 2.0, 2.0]
=====================================
第10代 
[0.0, 2.0, 2.0]
[0.0, 2.0, 2.0]
[0.0, 2.0, 2.0]
[2.0, 2.0, 2.0]
[2.0, 2.0, 2.0]
[0.0, 2.0, 2.0]
=====================================
第11代 
[0.0, 2.0, 2.0]
[0.0, 2.0, 2.0]
[2.0, 2.0, 2.0]
[2.0, 2.0, 2.0]
[2.0, 2.0, 2.0]
[0.0, 2.0, 2.0]
=====================================
第12代 
[0.0, 2.0, 2.0]
[0.0, 2.0, 2.0]
[0.0, 2.0, 2.0]
[0.0, 2.0, 2.0]
[2.0, 2.0, 2.0]
[2.0, 2.0, 2.0]
=====================================
第0代 
[2.0, 2.0, 2.0]
[0.0, 2.0, 2.0]
[2.0, 2.0, 2.0]
[0.0, 2.0, 0.0]
[2.0, 2.0, 0.0]
[2.0, 2.0, 2.0]
=====================================
第0代 
[2.0, 2.0, 2.0]
[2.0, 2.0, 2.0]
[0.0, 2.0, 2.0]
[2.0, 2.0, 2.0]
[0.0, 2.0, 2.0]
[2.0, 2.0, 2.0]
=====================================
第1代 
[0.0, 2.0, 2.0]
[0.0, 2.0, 2.0]
[0.0, 2.0, 2.0]
[2.0, 2.0, 2.0]
[2.0, 2.0, 2.0]
[2.0, 2.0, 2.0]
=====================================
第2代 
[0.0, 2.0, 2.0]
[0.0, 2.0, 2.0]
[0.0, 2.0, 2.0]
[2.0, 2.0, 2.0]
[2.0, 2.0, 2.0]
[2.0, 2.0, 2.0]
=====================================
第0代 
[2.0, 2.0, 2.0]
[2.0, 2.0, 2.0]
[0.0, 2.0, 2.0]
[2.0, 2.0, 2.0]
[2.0, 2.0, 2.0]
[0.0, 2.0, 2.0]
=====================================
第1代 
[0.0, 2.0, 2.0]
[0.0, 2.0, 2.0]
[0.0, 2.0, 2.0]
[2.0, 2.0, 2.0]
[2.0, 2.0, 2.0]
[2.0, 2.0, 2.0]
=====================================
第2代 
[0.0, 2.0, 2.0]
[0.0, 2.0, 2.0]
[0.0, 2.0, 2.0]
[2.0, 2.0, 2.0]
[2.0, 2.0, 2.0]
[2.0, 2.0, 2.0]
=====================================
第0代 
[0.0, 2.0, 2.0]
[0.0, 2.0, 2.0]
[0.0, 2.0, 2.0]
[2.0, 2.0, 2.0]
[2.0, 2.0, 2.0]
[0.0, 2.0, 2.0]
=====================================
第1代 
[0.0, 2.0, 2.0]
[0.0, 2.0, 2.0]
[0.0, 2.0, 2.0]
[2.0, 2.0, 2.0]
[2.0, 2.0, 2.0]
[2.0, 2.0, 2.0]
=====================================
第2代 
[0.0, 2.0, 2.0]
[0.0, 2.0, 2.0]
[0.0, 2.0, 2.0]
[0.0, 2.0, 2.0]
[2.0, 2.0, 2.0]
[2.0, 2.0, 2.0]
=====================================
第3代 
[0.0, 2.0, 2.0]
[0.0, 2.0, 2.0]
[0.0, 2.0, 2.0]
[0.0, 2.0, 2.0]
[2.0, 2.0, 2.0]
[2.0, 2.0, 2.0]
=====================================
第0代 
[2.0, 2.0, 2.0]
[0.0, 2.0, 2.0]
[0.0, 2.0, 2.0]
[0.0, 2.0, 2.0]
[0.0, 2.0, 2.0]
[0.0, 2.0, 2.0]
=====================================
第1代 
[0.0, 2.0, 2.0]
[0.0, 2.0, 2.0]
[0.0, 2.0, 2.0]
[0.0, 2.0, 2.0]
[0.0, 2.0, 2.0]
[2.0, 2.0, 2.0]
=====================================
第2代 
[0.0, 2.0, 2.0]
[0.0, 2.0, 2.0]
[0.0, 2.0, 2.0]
[0.0, 2.0, 2.0]
[2.0, 2.0, 2.0]
[2.0, 2.0, 2.0]
=====================================
第3代 
[0.0, 2.0, 2.0]
[0.0, 2.0, 2.0]
[0.0, 2.0, 2.0]
[2.0, 2.0, 2.0]
[2.0, 2.0, 2.0]
[2.0, 2.0, 2.0]
=====================================
第4代 
[0.0, 2.0, 2.0]
[0.0, 2.0, 2.0]
[0.0, 2.0, 2.0]
[0.0, 2.0, 2.0]
[0.0, 2.0, 2.0]
[0.0, 2.0, 2.0]
=====================================
第5代 
[0.0, 2.0, 2.0]
[0.0, 2.0, 2.0]
[2.0, 0.0, 2.0]
[0.0, 2.0, 2.0]
[0.0, 2.0, 2.0]
[2.0, 2.0, 2.0]
=====================================
第6代 
[0.0, 2.0, 2.0]
[2.0, 0.0, 2.0]
[0.0, 2.0, 2.0]
[2.0, 0.0, 2.0]
[0.0, 2.0, 2.0]
[2.0, 2.0, 2.0]
=====================================
第7代 
[0.0, 2.0, 2.0]
[2.0, 0.0, 2.0]
[0.0, 2.0, 2.0]
[0.0, 2.0, 2.0]
[2.0, 2.0, 2.0]
[2.0, 2.0, 2.0]
=====================================
第8代 
[0.0, 2.0, 2.0]
[2.0, 0.0, 2.0]
[0.0, 2.0, 2.0]
[0.0, 2.0, 2.0]
[0.0, 2.0, 2.0]
[2.0, 2.0, 2.0]
=====================================
第9代 
[0.0, 2.0, 2.0]
[2.0, 0.0, 2.0]
[0.0, 2.0, 2.0]
[0.0, 2.0, 2.0]
[0.0, 2.0, 2.0]
[2.0, 0.0, 2.0]
=====================================
第10代 
[0.0, 2.0, 2.0]
[2.0, 0.0, 2.0]
[2.0, 0.0, 2.0]
[0.0, 2.0, 2.0]
[2.0, 2.0, 2.0]
[2.0, 2.0, 2.0]
=====================================
第11代 
[0.0, 2.0, 2.0]
[2.0, 0.0, 2.0]
[2.0, 0.0, 2.0]
[0.0, 2.0, 2.0]
[2.0, 2.0, 2.0]
[2.0, 2.0, 2.0]
=====================================
第12代 
[0.0, 2.0, 2.0]
[2.0, 0.0, 2.0]
[2.0, 0.0, 2.0]
[2.0, 2.0, 2.0]
[2.0, 2.0, 2.0]
[2.0, 2.0, 2.0]
=====================================
第13代 
[0.0, 2.0, 2.0]
[2.0, 0.0, 2.0]
[0.0, 2.0, 2.0]
[2.0, 0.0, 2.0]
[2.0, 2.0, 2.0]
[0.0, 2.0, 2.0]
=====================================
第14代 
[0.0, 0.0, 2.0]
[0.0, 2.0, 2.0]
[2.0, 0.0, 2.0]
[0.0, 2.0, 2.0]
[2.0, 2.0, 2.0]
[2.0, 2.0, 2.0]
=====================================
第15代 
[0.0, 0.0, 2.0]
[0.0, 2.0, 2.0]
[2.0, 0.0, 2.0]
[0.0, 2.0, 2.0]
[0.0, 2.0, 2.0]
[2.0, 2.0, 2.0]
=====================================
第16代 
[0.0, 0.0, 2.0]
[0.0, 2.0, 2.0]
[2.0, 0.0, 2.0]
[2.0, 0.0, 2.0]
[0.0, 2.0, 2.0]
[2.0, 2.0, 2.0]
=====================================
第17代 
[0.0, 0.0, 2.0]
[0.0, 2.0, 2.0]
[2.0, 0.0, 2.0]
[0.0, 2.0, 2.0]
[0.0, 2.0, 2.0]
[2.0, 0.0, 2.0]
=====================================
第18代 
[0.0, 0.0, 2.0]
[0.0, 0.0, 2.0]
[0.0, 2.0, 2.0]
[2.0, 0.0, 2.0]
[0.0, 2.0, 2.0]
[2.0, 2.0, 2.0]
=====================================
第19代 
[0.0, 0.0, 2.0]
[0.0, 2.0, 2.0]
[2.0, 0.0, 2.0]
[0.0, 2.0, 2.0]
[0.0, 2.0, 2.0]
[2.0, 2.0, 2.0]
=====================================
第20代 
[0.0, 2.0, 2.0]
[2.0, 0.0, 2.0]
[0.0, 2.0, 2.0]
[0.0, 2.0, 2.0]
[0.0, 2.0, 2.0]
[2.0, 0.0, 2.0]
=====================================
第0代 
[0.0, 2.0, 2.0]
[0.0, 2.0, 2.0]
[2.0, 2.0, 2.0]
[0.0, 2.0, 2.0]
[0.0, 2.0, 2.0]
[2.0, 2.0, 2.0]
=====================================
第1代 
[0.0, 2.0, 2.0]
[0.0, 2.0, 2.0]
[0.0, 2.0, 2.0]
[2.0, 2.0, 2.0]
[2.0, 2.0, 2.0]
[2.0, 2.0, 2.0]
=====================================
第0代 
[2.0, 2.0, 2.0]
[2.0, 2.0, 2.0]
[2.0, 2.0, 2.0]
[2.0, 2.0, 2.0]
[0.0, 2.0, 2.0]
[0.0, 2.0, 2.0]
=====================================
第1代 
[0.0, 2.0, 2.0]
[0.0, 2.0, 2.0]
[0.0, 2.0, 2.0]
[0.0, 2.0, 2.0]
[0.0, 2.0, 2.0]
[0.0, 2.0, 2.0]
=====================================
第2代 
[0.0, 2.0, 2.0]
[2.0, 0.0, 2.0]
[0.0, 2.0, 2.0]
[0.0, 2.0, 2.0]
[0.0, 2.0, 2.0]
[2.0, 2.0, 2.0]
=====================================
第3代 
[0.0, 2.0, 2.0]
[2.0, 0.0, 2.0]
[2.0, 2.0, 2.0]
[2.0, 2.0, 2.0]
[2.0, 2.0, 2.0]
[2.0, 2.0, 2.0]
=====================================
第4代 
[0.0, 2.0, 2.0]
[2.0, 0.0, 2.0]
[0.0, 2.0, 2.0]
[2.0, 0.0, 2.0]
[0.0, 2.0, 2.0]
[2.0, 2.0, 2.0]
=====================================
第5代 
[0.0, 0.0, 2.0]
[0.0, 2.0, 2.0]
[2.0, 0.0, 2.0]
[0.0, 2.0, 2.0]
[0.0, 2.0, 2.0]
[2.0, 0.0, 2.0]
=====================================
第6代 
[0.0, 0.0, 2.0]
[0.0, 0.0, 2.0]
[0.0, 2.0, 2.0]
[2.0, 0.0, 2.0]
[0.0, 2.0, 2.0]
[2.0, 2.0, 2.0]
=====================================
第7代 
[0.0, 0.0, 2.0]
[0.0, 0.0, 2.0]
[0.0, 0.0, 2.0]
[0.0, 2.0, 2.0]
[2.0, 0.0, 2.0]
[2.0, 0.0, 2.0]
=====================================
第8代 
[0.0, 0.0, 2.0]
[0.0, 0.0, 2.0]
[0.0, 0.0, 2.0]
[0.0, 2.0, 2.0]
[2.0, 0.0, 2.0]
[0.0, 2.0, 2.0]
=====================================
第9代 
[0.0, 0.0, 2.0]
[0.0, 2.0, 2.0]
[2.0, 0.0, 2.0]
[2.0, 0.0, 2.0]
[0.0, 2.0, 2.0]
[2.0, 2.0, 2.0]
=====================================
第10代 
[0.0, 2.0, 2.0]
[2.0, 0.0, 2.0]
[2.0, 0.0, 2.0]
[0.0, 2.0, 2.0]
[0.0, 2.0, 2.0]
[2.0, 2.0, 2.0]
=====================================
第11代 
[0.0, 2.0, 2.0]
[2.0, 0.0, 2.0]
[0.0, 2.0, 2.0]
[2.0, 0.0, 2.0]
[2.0, 2.0, 2.0]
[2.0, 2.0, 2.0]
=====================================
第12代 
[0.0, 2.0, 2.0]
[2.0, 0.0, 2.0]
[0.0, 2.0, 2.0]
[0.0, 2.0, 2.0]
[0.0, 2.0, 2.0]
[0.0, 2.0, 2.0]
=====================================
第0代 
[2.0, 2.0, 2.0]
[0.0, 2.0, 2.0]
[2.0, 2.0, 2.0]
[2.0, 2.0, 2.0]
[2.0, 2.0, 2.0]
[0.0, 2.0, 2.0]
=====================================
第1代 
[0.0, 2.0, 2.0]
[0.0, 2.0, 2.0]
[0.0, 2.0, 2.0]
[2.0, 2.0, 2.0]
[2.0, 2.0, 2.0]
[0.0, 2.0, 2.0]
=====================================
第2代 
[0.0, 2.0, 2.0]
[2.0, 2.0, 2.0]
[2.0, 2.0, 2.0]
[2.0, 2.0, 2.0]
[2.0, 2.0, 2.0]
[2.0, 2.0, 2.0]
=====================================
第3代 
[0.0, 2.0, 2.0]
[0.0, 2.0, 2.0]
[0.0, 2.0, 2.0]
[0.0, 2.0, 2.0]
[0.0, 2.0, 2.0]
[2.0, 2.0, 2.0]
=====================================
第0代 
[2.0, 2.0, 2.0]
[2.0, 2.0, 2.0]
[2.0, 2.0, 2.0]
[2.0, 2.0, 2.0]
[2.0, 2.0, 2.0]
[0.0, 2.0, 2.0]
=====================================
第1代 
[0.0, 2.0, 2.0]
[0.0, 2.0, 2.0]
[0.0, 2.0, 2.0]
[0.0, 2.0, 2.0]
[2.0, 2.0, 2.0]
[2.0, 2.0, 2.0]
=====================================
第2代 
[0.0, 2.0, 2.0]
[0.0, 2.0, 2.0]
[2.0, 2.0, 2.0]
[2.0, 2.0, 2.0]
[2.0, 2.0, 2.0]
[2.0, 2.0, 2.0]
=====================================
第3代 
[0.0, 2.0, 2.0]
[0.0, 2.0, 2.0]
[0.0, 2.0, 2.0]
[0.0, 2.0, 2.0]
[2.0, 2.0, 2.0]
[2.0, 2.0, 2.0]
=====================================
第4代 
[0.0, 2.0, 2.0]
[0.0, 2.0, 2.0]
[0.0, 2.0, 2.0]
[0.0, 2.0, 2.0]
[0.0, 2.0, 2.0]
[2.0, 2.0, 2.0]
=====================================
第5代 
[0.0, 2.0, 2.0]
[0.0, 2.0, 2.0]
[0.0, 2.0, 2.0]
[0.0, 2.0, 2.0]
[0.0, 2.0, 2.0]
[2.0, 2.0, 2.0]
=====================================
第0代 
[2.0, 2.0, 2.0]
[2.0, 2.0, 2.0]
[0.0, 2.0, 2.0]
[0.0, 2.0, 2.0]
[0.0, 2.0, 2.0]
[2.0, 2.0, 2.0]
=====================================
第0代 
[2.0, 2.0, 2.0]
[0.0, 2.0, 2.0]
[0.0, 2.0, 2.0]
[2.0, 2.0, 2.0]
[2.0, 2.0, 2.0]
[2.0, 2.0, 2.0]
=====================================
第1代 
[0.0, 2.0, 2.0]
[0.0, 2.0, 2.0]
[0.0, 2.0, 2.0]
[2.0, 2.0, 2.0]
[2.0, 2.0, 2.0]
[2.0, 2.0, 2.0]
=====================================
第2代 
[0.0, 2.0, 2.0]
[0.0, 2.0, 2.0]
[2.0, 0.0, 2.0]
[2.0, 2.0, 2.0]
[2.0, 2.0, 2.0]
[2.0, 2.0, 2.0]
=====================================
第3代 
[0.0, 0.0, 2.0]
[0.0, 2.0, 2.0]
[2.0, 0.0, 2.0]
[2.0, 0.0, 2.0]
[2.0, 2.0, 2.0]
[2.0, 2.0, 2.0]
=====================================
第4代 
[0.0, 2.0, 2.0]
[2.0, 0.0, 2.0]
[2.0, 0.0, 2.0]
[2.0, 0.0, 2.0]
[2.0, 2.0, 2.0]
[2.0, 2.0, 2.0]
=====================================
第0代 
[0.0, 2.0, 2.0]
[2.0, 2.0, 2.0]
[0.0, 2.0, 2.0]
[2.0, 2.0, 2.0]
[2.0, 2.0, 2.0]
[0.0, 2.0, 2.0]
=====================================
第0代 
[0.0, 2.0, 2.0]
[0.0, 0.0, 2.0]
[2.0, 2.0, 2.0]
[0.0, 2.0, 2.0]
[2.0, 2.0, 2.0]
[2.0, 2.0, 2.0]
=====================================
第1代 
[0.0, 0.0, 2.0]
[0.0, 2.0, 2.0]
[0.0, 2.0, 2.0]
[2.0, 0.0, 2.0]
[2.0, 0.0, 2.0]
[2.0, 2.0, 2.0]
=====================================
第2代 
[0.0, 0.0, 2.0]
[0.0, 2.0, 2.0]
[2.0, 0.0, 2.0]
[2.0, 0.0, 2.0]
[0.0, 2.0, 2.0]
[2.0, 2.0, 2.0]
=====================================
第3代 
[0.0, 0.0, 2.0]
[0.0, 0.0, 2.0]
[0.0, 2.0, 2.0]
[2.0, 0.0, 2.0]
[0.0, 2.0, 2.0]
[2.0, 2.0, 2.0]
=====================================
第4代 
[0.0, 0.0, 2.0]
[0.0, 2.0, 2.0]
[2.0, 0.0, 2.0]
[0.0, 2.0, 2.0]
[2.0, 0.0, 2.0]
[2.0, 2.0, 2.0]
=====================================
第5代 
[0.0, 0.0, 2.0]
[0.0, 0.0, 2.0]
[0.0, 2.0, 2.0]
[2.0, 0.0, 2.0]
[2.0, 0.0, 2.0]
[0.0, 2.0, 2.0]
=====================================
第6代 
[0.0, 0.0, 2.0]
[0.0, 0.0, 2.0]
[0.0, 2.0, 2.0]
[2.0, 0.0, 2.0]
[2.0, 2.0, 2.0]
[2.0, 2.0, 2.0]
=====================================
第7代 
[0.0, 0.0, 2.0]
[0.0, 0.0, 2.0]
[0.0, 2.0, 2.0]
[2.0, 0.0, 2.0]
[0.0, 2.0, 2.0]
[2.0, 2.0, 2.0]
=====================================
第8代 
[0.0, 0.0, 2.0]
[0.0, 2.0, 2.0]
[2.0, 0.0, 2.0]
[2.0, 2.0, 2.0]
[2.0, 2.0, 2.0]
[0.0, 2.0, 2.0]
=====================================
第9代 
[0.0, 0.0, 2.0]
[0.0, 0.0, 2.0]
[0.0, 2.0, 2.0]
[2.0, 2.0, 2.0]
[0.0, 2.0, 2.0]
[0.0, 2.0, 2.0]
=====================================
第0代 
[2.0, 2.0, 2.0]
[2.0, 2.0, 2.0]
[2.0, 2.0, 0.0]
[0.0, 2.0, 2.0]
[2.0, 2.0, 2.0]
[2.0, 2.0, 2.0]
=====================================
第1代 
[2.0, 2.0, 0.0]
[0.0, 2.0, 2.0]
[2.0, 2.0, 0.0]
[2.0, 2.0, 0.0]
[0.0, 2.0, 2.0]
[2.0, 2.0, 2.0]
=====================================
第2代 
[2.0, 2.0, 0.0]
[0.0, 2.0, 2.0]
[2.0, 2.0, 0.0]
[2.0, 2.0, 0.0]
[2.0, 2.0, 2.0]
[2.0, 2.0, 2.0]
=====================================
第3代 
[2.0, 2.0, 0.0]
[0.0, 2.0, 2.0]
[2.0, 2.0, 0.0]
[2.0, 2.0, 0.0]
[2.0, 2.0, 2.0]
[2.0, 2.0, 0.0]
=====================================
第4代 
[2.0, 2.0, 0.0]
[0.0, 2.0, 2.0]
[2.0, 2.0, 0.0]
[0.0, 2.0, 2.0]
[2.0, 2.0, 0.0]
[2.0, 2.0, 2.0]
=====================================
第5代 
[2.0, 2.0, 0.0]
[0.0, 2.0, 2.0]
[0.0, 2.0, 2.0]
[0.0, 2.0, 2.0]
[2.0, 2.0, 0.0]
[0.0, 2.0, 2.0]
=====================================
第6代 
[2.0, 2.0, 0.0]
[0.0, 2.0, 2.0]
[2.0, 2.0, 0.0]
[0.0, 2.0, 2.0]
[0.0, 2.0, 2.0]
[2.0, 2.0, 2.0]
=====================================
第7代 
[2.0, 2.0, 0.0]
[0.0, 2.0, 2.0]
[2.0, 2.0, 0.0]
[2.0, 2.0, 0.0]
[0.0, 2.0, 2.0]
[2.0, 2.0, 2.0]
=====================================
第8代 
[2.0, 2.0, 0.0]
[0.0, 2.0, 2.0]
[0.0, 2.0, 2.0]
[2.0, 2.0, 0.0]
[0.0, 2.0, 2.0]
[2.0, 2.0, 2.0]
=====================================
第9代 
[2.0, 2.0, 0.0]
[0.0, 2.0, 2.0]
[0.0, 2.0, 2.0]
[0.0, 2.0, 2.0]
[2.0, 2.0, 2.0]
[2.0, 2.0, 2.0]
=====================================
第10代 
[2.0, 2.0, 0.0]
[0.0, 2.0, 2.0]
[2.0, 2.0, 0.0]
[0.0, 2.0, 2.0]
[0.0, 2.0, 2.0]
[2.0, 2.0, 0.0]
=====================================
第11代 
[0.0, 2.0, 0.0]
[2.0, 2.0, 0.0]
[0.0, 2.0, 2.0]
[2.0, 2.0, 0.0]
[0.0, 2.0, 2.0]
[2.0, 2.0, 0.0]
=====================================
第12代 
[0.0, 2.0, 0.0]
[0.0, 2.0, 0.0]
[2.0, 2.0, 0.0]
[0.0, 2.0, 2.0]
[2.0, 2.0, 0.0]
[2.0, 2.0, 2.0]
=====================================
第13代 
[0.0, 2.0, 0.0]
[2.0, 2.0, 0.0]
[0.0, 2.0, 2.0]
[2.0, 2.0, 0.0]
[2.0, 2.0, 0.0]
[2.0, 2.0, 0.0]
=====================================
第14代 
[2.0, 2.0, 0.0]
[0.0, 2.0, 2.0]
[2.0, 2.0, 0.0]
[0.0, 2.0, 2.0]
[2.0, 2.0, 2.0]
[2.0, 2.0, 2.0]
=====================================
第15代 
[0.0, 2.0, 0.0]
[2.0, 2.0, 0.0]
[0.0, 2.0, 2.0]
[2.0, 2.0, 0.0]
[0.0, 2.0, 2.0]
[2.0, 2.0, 2.0]
=====================================
第16代 
[0.0, 2.0, 0.0]
[2.0, 2.0, 0.0]
[0.0, 2.0, 2.0]
[2.0, 2.0, 0.0]
[2.0, 2.0, 0.0]
[0.0, 2.0, 2.0]
=====================================
第17代 
[2.0, 2.0, 0.0]
[0.0, 2.0, 2.0]
[2.0, 2.0, 0.0]
[0.0, 2.0, 2.0]
[0.0, 2.0, 2.0]
[0.0, 2.0, 2.0]
=====================================
第18代 
[2.0, 2.0, 0.0]
[0.0, 2.0, 2.0]
[0.0, 2.0, 2.0]
[2.0, 2.0, 0.0]
[2.0, 2.0, 0.0]
[2.0, 2.0, 2.0]
=====================================
第19代 
[2.0, 2.0, 0.0]
[0.0, 2.0, 2.0]
[0.0, 2.0, 2.0]
[2.0, 2.0, 0.0]
[2.0, 2.0, 2.0]
[2.0, 2.0, 2.0]
=====================================
第20代 
[2.0, 2.0, 0.0]
[0.0, 2.0, 2.0]
[0.0, 2.0, 2.0]
[2.0, 2.0, 0.0]
[2.0, 2.0, 0.0]
[2.0, 2.0, 2.0]
=====================================
第21代 
[2.0, 2.0, 0.0]
[0.0, 2.0, 2.0]
[2.0, 2.0, 0.0]
[2.0, 2.0, 0.0]
[2.0, 2.0, 2.0]
[2.0, 2.0, 0.0]
=====================================
第0代 
[0.0, 2.0, 2.0]
[2.0, 0.0, 2.0]
[2.0, 2.0, 2.0]
[0.0, 2.0, 2.0]
[2.0, 2.0, 2.0]
[0.0, 0.0, 2.0]
=====================================
第1代 
[0.0, 0.0, 2.0]
[0.0, 2.0, 2.0]
[2.0, 0.0, 2.0]
[2.0, 2.0, 2.0]
[2.0, 2.0, 2.0]
[2.0, 2.0, 2.0]
=====================================
第2代 
[0.0, 0.0, 2.0]
[0.0, 2.0, 2.0]
[2.0, 0.0, 2.0]
[2.0, 0.0, 2.0]
[2.0, 0.0, 2.0]
[2.0, 2.0, 2.0]
=====================================
第3代 
[0.0, 0.0, 2.0]
[0.0, 2.0, 2.0]
[2.0, 0.0, 2.0]
[2.0, 0.0, 2.0]
[2.0, 0.0, 2.0]
[2.0, 2.0, 2.0]
=====================================
第4代 
[0.0, 0.0, 2.0]
[0.0, 2.0, 2.0]
[2.0, 0.0, 2.0]
[2.0, 0.0, 2.0]
[2.0, 0.0, 2.0]
[2.0, 2.0, 2.0]
=====================================
第5代 
[0.0, 0.0, 2.0]
[0.0, 2.0, 2.0]
[2.0, 0.0, 2.0]
[2.0, 0.0, 2.0]
[0.0, 2.0, 2.0]
[2.0, 2.0, 2.0]
=====================================
第6代 
[0.0, 0.0, 2.0]
[0.0, 2.0, 2.0]
[2.0, 0.0, 2.0]
[2.0, 0.0, 2.0]
[2.0, 0.0, 2.0]
[2.0, 2.0, 2.0]
=====================================
第7代 
[0.0, 0.0, 2.0]
[0.0, 0.0, 2.0]
[0.0, 0.0, 2.0]
[0.0, 2.0, 2.0]
[2.0, 0.0, 2.0]
[2.0, 0.0, 2.0]
=====================================
第8代 
[0.0, 0.0, 2.0]
[0.0, 2.0, 2.0]
[2.0, 0.0, 2.0]
[0.0, 2.0, 2.0]
[2.0, 0.0, 2.0]
[2.0, 2.0, 2.0]
=====================================
第9代 
[0.0, 0.0, 2.0]
[0.0, 2.0, 2.0]
[2.0, 0.0, 2.0]
[2.0, 0.0, 2.0]
[0.0, 2.0, 2.0]
[2.0, 2.0, 2.0]
=====================================
第10代 
[0.0, 0.0, 2.0]
[0.0, 2.0, 2.0]
[2.0, 0.0, 2.0]
[0.0, 2.0, 2.0]
[2.0, 0.0, 2.0]
[2.0, 0.0, 2.0]
=====================================
第11代 
[0.0, 0.0, 2.0]
[0.0, 2.0, 2.0]
[2.0, 0.0, 2.0]
[2.0, 0.0, 2.0]
[0.0, 2.0, 2.0]
[2.0, 2.0, 2.0]
=====================================
第12代 
[0.0, 2.0, 2.0]
[2.0, 0.0, 2.0]
[2.0, 0.0, 2.0]
[2.0, 0.0, 2.0]
[2.0, 2.0, 2.0]
[2.0, 2.0, 2.0]
=====================================
第13代 
[0.0, 0.0, 2.0]
[0.0, 2.0, 2.0]
[2.0, 0.0, 2.0]
[2.0, 0.0, 2.0]
[0.0, 2.0, 2.0]
[2.0, 0.0, 2.0]
=====================================
第14代 
[0.0, 0.0, 2.0]
[0.0, 0.0, 2.0]
[0.0, 2.0, 2.0]
[2.0, 0.0, 2.0]
[2.0, 0.0, 2.0]
[2.0, 0.0, 2.0]
=====================================
第15代 
[0.0, 0.0, 2.0]
[0.0, 2.0, 2.0]
[2.0, 0.0, 2.0]
[2.0, 0.0, 2.0]
[2.0, 0.0, 2.0]
[2.0, 2.0, 2.0]
=====================================
第16代 
[0.0, 2.0, 2.0]
[2.0, 0.0, 2.0]
[2.0, 0.0, 2.0]
[2.0, 2.0, 2.0]
[2.0, 2.0, 2.0]
[2.0, 2.0, 2.0]
=====================================
第17代 
[0.0, 0.0, 2.0]
[0.0, 2.0, 2.0]
[2.0, 0.0, 2.0]
[0.0, 2.0, 2.0]
[2.0, 2.0, 2.0]
[2.0, 2.0, 2.0]
=====================================
第18代 
[0.0, 2.0, 2.0]
[2.0, 0.0, 2.0]
[2.0, 0.0, 2.0]
[2.0, 2.0, 2.0]
[2.0, 2.0, 2.0]
[2.0, 2.0, 2.0]
=====================================
第0代 
[0.0, 2.0, 2.0]
[2.0, 0.0, 2.0]
[2.0, 2.0, 2.0]
[0.0, 2.0, 2.0]
[0.0, 2.0, 2.0]
[2.0, 2.0, 2.0]
=====================================
第0代 
[0.0, 2.0, 2.0]
[2.0, 2.0, 2.0]
[2.0, 2.0, 2.0]
[2.0, 2.0, 2.0]
[0.0, 2.0, 2.0]
[0.0, 2.0, 2.0]
=====================================
第1代 
[0.0, 2.0, 2.0]
[0.0, 2.0, 2.0]
[0.0, 2.0, 2.0]
[0.0, 2.0, 2.0]
[2.0, 2.0, 2.0]
[2.0, 2.0, 2.0]
=====================================
第2代 
[0.0, 2.0, 2.0]
[0.0, 2.0, 2.0]
[2.0, 2.0, 2.0]
[0.0, 2.0, 2.0]
[0.0, 2.0, 2.0]
[0.0, 2.0, 2.0]
=====================================
第3代 
[0.0, 2.0, 2.0]
[0.0, 2.0, 2.0]
[0.0, 2.0, 2.0]
[2.0, 2.0, 2.0]
[2.0, 2.0, 2.0]
[0.0, 2.0, 2.0]
=====================================
第4代 
[0.0, 2.0, 2.0]
[0.0, 2.0, 2.0]
[2.0, 2.0, 2.0]
[2.0, 2.0, 2.0]
[2.0, 2.0, 2.0]
[2.0, 2.0, 2.0]
=====================================
第5代 
[0.0, 2.0, 2.0]
[0.0, 2.0, 2.0]
[0.0, 2.0, 2.0]
[2.0, 2.0, 2.0]
[0.0, 2.0, 2.0]
[0.0, 2.0, 2.0]
=====================================
第6代 
[0.0, 2.0, 2.0]
[2.0, 2.0, 2.0]
[2.0, 2.0, 2.0]
[2.0, 2.0, 2.0]
[2.0, 2.0, 2.0]
[2.0, 2.0, 2.0]
=====================================
第7代 
[0.0, 2.0, 2.0]
[2.0, 2.0, 2.0]
[2.0, 2.0, 2.0]
[0.0, 2.0, 2.0]
[0.0, 2.0, 2.0]
[0.0, 2.0, 2.0]
=====================================
第8代 
[0.0, 2.0, 2.0]
[2.0, 0.0, 2.0]
[0.0, 2.0, 2.0]
[2.0, 2.0, 2.0]
[0.0, 2.0, 2.0]
[0.0, 2.0, 2.0]
=====================================
第9代 
[0.0, 2.0, 2.0]
[2.0, 0.0, 2.0]
[0.0, 2.0, 2.0]
[2.0, 0.0, 2.0]
[2.0, 2.0, 2.0]
[2.0, 2.0, 2.0]
=====================================
第10代 
[0.0, 2.0, 2.0]
[2.0, 0.0, 2.0]
[2.0, 0.0, 2.0]
[2.0, 2.0, 2.0]
[2.0, 2.0, 2.0]
[0.0, 2.0, 2.0]
=====================================
第11代 
[0.0, 2.0, 2.0]
[2.0, 0.0, 2.0]
[2.0, 0.0, 2.0]
[2.0, 2.0, 2.0]
[2.0, 2.0, 2.0]
[2.0, 2.0, 2.0]
=====================================
第12代 
[0.0, 2.0, 2.0]
[2.0, 0.0, 2.0]
[2.0, 0.0, 2.0]
[2.0, 2.0, 2.0]
[2.0, 2.0, 2.0]
[0.0, 2.0, 2.0]
=====================================
第13代 
[0.0, 2.0, 2.0]
[2.0, 0.0, 2.0]
[0.0, 2.0, 2.0]
[2.0, 0.0, 2.0]
[2.0, 2.0, 2.0]
[0.0, 2.0, 2.0]
=====================================
第14代 
[0.0, 2.0, 2.0]
[2.0, 0.0, 2.0]
[0.0, 2.0, 2.0]
[0.0, 2.0, 2.0]
[2.0, 2.0, 2.0]
[2.0, 2.0, 2.0]
=====================================
第15代 
[0.0, 2.0, 2.0]
[2.0, 0.0, 2.0]
[0.0, 2.0, 2.0]
[2.0, 0.0, 2.0]
[0.0, 2.0, 2.0]
[2.0, 2.0, 2.0]
=====================================
第16代 
[0.0, 2.0, 2.0]
[2.0, 0.0, 2.0]
[0.0, 2.0, 2.0]
[0.0, 2.0, 2.0]
[2.0, 2.0, 2.0]
[0.0, 2.0, 2.0]
=====================================
第17代 
[0.0, 2.0, 2.0]
[2.0, 0.0, 2.0]
[0.0, 2.0, 2.0]
[2.0, 0.0, 2.0]
[2.0, 2.0, 2.0]
[0.0, 2.0, 2.0]
=====================================
第18代 
[0.0, 2.0, 2.0]
[2.0, 0.0, 2.0]
[2.0, 0.0, 2.0]
[0.0, 2.0, 2.0]
[2.0, 2.0, 2.0]
[0.0, 2.0, 2.0]
=====================================
第19代 
[0.0, 2.0, 2.0]
[2.0, 0.0, 2.0]
[2.0, 0.0, 2.0]
[0.0, 2.0, 2.0]
[2.0, 2.0, 2.0]
[2.0, 2.0, 2.0]
=====================================
第20代 
[0.0, 2.0, 2.0]
[2.0, 0.0, 2.0]
[0.0, 2.0, 2.0]
[2.0, 0.0, 2.0]
[2.0, 2.0, 2.0]
[0.0, 2.0, 2.0]
=====================================
第21代 
[0.0, 2.0, 2.0]
[2.0, 0.0, 2.0]
[2.0, 0.0, 2.0]
[0.0, 2.0, 2.0]
[2.0, 2.0, 2.0]
[2.0, 2.0, 2.0]
=====================================
第22代 
[0.0, 2.0, 2.0]
[2.0, 0.0, 2.0]
[2.0, 0.0, 2.0]
[0.0, 2.0, 2.0]
[2.0, 2.0, 2.0]
[0.0, 2.0, 2.0]
=====================================
第23代 
[0.0, 2.0, 2.0]
[2.0, 0.0, 2.0]
[0.0, 2.0, 2.0]
[0.0, 2.0, 2.0]
[2.0, 2.0, 2.0]
[2.0, 2.0, 2.0]
=====================================
第24代 
[0.0, 2.0, 2.0]
[2.0, 0.0, 2.0]
[2.0, 0.0, 2.0]
[2.0, 0.0, 2.0]
[2.0, 2.0, 2.0]
[2.0, 2.0, 2.0]
=====================================
第25代 
[0.0, 0.0, 2.0]
[0.0, 2.0, 2.0]
[2.0, 0.0, 2.0]
[2.0, 0.0, 2.0]
[2.0, 2.0, 2.0]
[0.0, 2.0, 2.0]
=====================================
第26代 
[0.0, 2.0, 2.0]
[2.0, 0.0, 2.0]
[2.0, 0.0, 2.0]
[2.0, 2.0, 2.0]
[0.0, 2.0, 2.0]
[0.0, 2.0, 2.0]
=====================================
第27代 
[0.0, 2.0, 2.0]
[2.0, 0.0, 2.0]
[2.0, 0.0, 2.0]
[0.0, 2.0, 2.0]
[0.0, 2.0, 2.0]
[2.0, 2.0, 2.0]
=====================================
第28代 
[0.0, 2.0, 2.0]
[2.0, 0.0, 2.0]
[0.0, 2.0, 2.0]
[2.0, 2.0, 2.0]
[2.0, 2.0, 2.0]
[2.0, 2.0, 2.0]
=====================================
第29代 
[0.0, 2.0, 2.0]
[2.0, 0.0, 2.0]
[2.0, 0.0, 2.0]
[2.0, 2.0, 2.0]
[2.0, 2.0, 2.0]
[2.0, 2.0, 2.0]
=====================================
第30代 
[0.0, 2.0, 2.0]
[2.0, 0.0, 2.0]
[2.0, 0.0, 2.0]
[2.0, 2.0, 2.0]
[2.0, 2.0, 2.0]
[0.0, 2.0, 2.0]
=====================================
第31代 
[0.0, 2.0, 2.0]
[2.0, 0.0, 2.0]
[2.0, 0.0, 2.0]
[2.0, 0.0, 2.0]
[2.0, 2.0, 2.0]
[2.0, 2.0, 2.0]
=====================================
第32代 
[0.0, 2.0, 2.0]
[2.0, 0.0, 2.0]
[2.0, 0.0, 2.0]
[0.0, 2.0, 2.0]
[2.0, 2.0, 2.0]
[2.0, 2.0, 2.0]
=====================================
第33代 
[0.0, 2.0, 2.0]
[2.0, 0.0, 2.0]
[0.0, 2.0, 2.0]
[2.0, 0.0, 2.0]
[2.0, 2.0, 2.0]
[2.0, 2.0, 2.0]
=====================================
第34代 
[0.0, 2.0, 2.0]
[2.0, 0.0, 2.0]
[0.0, 2.0, 2.0]
[2.0, 0.0, 2.0]
[2.0, 2.0, 2.0]
[0.0, 2.0, 2.0]
=====================================
第35代 
[0.0, 2.0, 2.0]
[2.0, 0.0, 2.0]
[0.0, 2.0, 2.0]
[2.0, 0.0, 2.0]
[0.0, 2.0, 2.0]
[2.0, 2.0, 2.0]
=====================================
第36代 
[0.0, 2.0, 2.0]
[2.0, 0.0, 2.0]
[0.0, 2.0, 2.0]
[0.0, 2.0, 2.0]
[0.0, 2.0, 2.0]
[2.0, 2.0, 2.0]
=====================================
第37代 
[0.0, 2.0, 2.0]
[2.0, 0.0, 2.0]
[0.0, 2.0, 2.0]
[2.0, 0.0, 2.0]
[2.0, 2.0, 2.0]
[0.0, 2.0, 2.0]
=====================================
第38代 
[0.0, 2.0, 2.0]
[2.0, 0.0, 2.0]
[0.0, 2.0, 2.0]
[2.0, 2.0, 2.0]
[2.0, 2.0, 2.0]
[2.0, 2.0, 2.0]
=====================================
第39代 
[0.0, 0.0, 2.0]
[0.0, 2.0, 2.0]
[2.0, 0.0, 2.0]
[2.0, 0.0, 2.0]
[2.0, 2.0, 2.0]
[2.0, 2.0, 2.0]
=====================================
第40代 
[0.0, 2.0, 2.0]
[2.0, 0.0, 2.0]
[2.0, 0.0, 2.0]
[0.0, 2.0, 2.0]
[2.0, 2.0, 2.0]
[2.0, 2.0, 2.0]
=====================================
第41代 
[0.0, 2.0, 2.0]
[2.0, 0.0, 2.0]
[0.0, 2.0, 2.0]
[2.0, 0.0, 2.0]
[0.0, 2.0, 2.0]
[0.0, 2.0, 2.0]
=====================================
第42代 
[0.0, 2.0, 2.0]
[2.0, 0.0, 2.0]
[0.0, 2.0, 2.0]
[2.0, 0.0, 2.0]
[0.0, 2.0, 2.0]
[0.0, 2.0, 2.0]
=====================================
第43代 
[0.0, 2.0, 2.0]
[2.0, 0.0, 2.0]
[2.0, 0.0, 2.0]
[2.0, 2.0, 2.0]
[2.0, 2.0, 2.0]
[0.0, 2.0, 2.0]
=====================================
第44代 
[0.0, 2.0, 2.0]
[2.0, 0.0, 2.0]
[2.0, 0.0, 2.0]
[0.0, 2.0, 2.0]
[2.0, 2.0, 2.0]
[2.0, 2.0, 2.0]
=====================================
第45代 
[0.0, 2.0, 2.0]
[2.0, 0.0, 2.0]
[2.0, 0.0, 2.0]
[0.0, 2.0, 2.0]
[2.0, 2.0, 2.0]
[2.0, 2.0, 2.0]
=====================================
第46代 
[0.0, 2.0, 2.0]
[2.0, 0.0, 2.0]
[2.0, 0.0, 2.0]
[2.0, 2.0, 2.0]
[0.0, 2.0, 2.0]
[0.0, 2.0, 2.0]
=====================================
第47代 
[0.0, 2.0, 2.0]
[2.0, 0.0, 2.0]
[0.0, 2.0, 2.0]
[2.0, 0.0, 2.0]
[2.0, 2.0, 2.0]
[2.0, 2.0, 2.0]
=====================================
第48代 
[0.0, 2.0, 2.0]
[2.0, 0.0, 2.0]
[2.0, 0.0, 2.0]
[2.0, 2.0, 2.0]
[2.0, 2.0, 2.0]
[0.0, 2.0, 2.0]
=====================================
第49代 
[0.0, 2.0, 2.0]
[2.0, 0.0, 2.0]
[0.0, 2.0, 2.0]
[2.0, 0.0, 2.0]
[2.0, 2.0, 2.0]
[2.0, 2.0, 2.0]
=====================================
第50代 
[0.0, 2.0, 2.0]
[2.0, 0.0, 2.0]
[2.0, 0.0, 2.0]
[0.0, 2.0, 2.0]
[2.0, 2.0, 2.0]
[2.0, 2.0, 2.0]
=====================================
第51代 
[0.0, 0.0, 2.0]
[0.0, 2.0, 2.0]
[2.0, 0.0, 2.0]
[0.0, 2.0, 2.0]
[2.0, 0.0, 2.0]
[2.0, 2.0, 2.0]
=====================================
第52代 
[0.0, 0.0, 2.0]
[0.0, 2.0, 2.0]
[2.0, 0.0, 2.0]
[2.0, 0.0, 2.0]
[2.0, 2.0, 2.0]
[2.0, 2.0, 2.0]
=====================================
第53代 
[0.0, 0.0, 2.0]
[0.0, 2.0, 2.0]
[2.0, 0.0, 2.0]
[2.0, 0.0, 2.0]
[2.0, 0.0, 2.0]
[2.0, 2.0, 2.0]
=====================================
第54代 
[0.0, 2.0, 2.0]
[2.0, 0.0, 2.0]
[2.0, 0.0, 2.0]
[0.0, 2.0, 2.0]
[0.0, 2.0, 2.0]
[2.0, 2.0, 2.0]
=====================================
第55代 
[0.0, 2.0, 2.0]
[2.0, 0.0, 2.0]
[2.0, 0.0, 2.0]
[0.0, 2.0, 2.0]
[2.0, 2.0, 2.0]
[2.0, 2.0, 2.0]
=====================================
第56代 
[0.0, 2.0, 2.0]
[2.0, 0.0, 2.0]
[0.0, 2.0, 2.0]
[2.0, 0.0, 2.0]
[2.0, 2.0, 2.0]
[2.0, 2.0, 2.0]
=====================================
第57代 
[0.0, 2.0, 2.0]
[2.0, 0.0, 2.0]
[0.0, 2.0, 2.0]
[2.0, 0.0, 2.0]
[0.0, 2.0, 2.0]
[0.0, 2.0, 2.0]
=====================================
第58代 
[0.0, 2.0, 2.0]
[2.0, 0.0, 2.0]
[2.0, 0.0, 2.0]
[0.0, 2.0, 2.0]
[2.0, 2.0, 2.0]
[2.0, 2.0, 2.0]
=====================================
第59代 
[0.0, 2.0, 2.0]
[2.0, 0.0, 2.0]
[2.0, 0.0, 2.0]
[2.0, 2.0, 2.0]
[2.0, 2.0, 2.0]
[0.0, 2.0, 2.0]
=====================================
第60代 
[0.0, 2.0, 2.0]
[2.0, 0.0, 2.0]
[2.0, 0.0, 2.0]
[2.0, 2.0, 2.0]
[2.0, 2.0, 2.0]
[0.0, 2.0, 2.0]
=====================================
第61代 
[0.0, 0.0, 2.0]
[0.0, 2.0, 2.0]
[2.0, 0.0, 2.0]
[2.0, 0.0, 2.0]
[0.0, 2.0, 2.0]
[2.0, 2.0, 2.0]
=====================================
第62代 
[0.0, 2.0, 2.0]
[2.0, 0.0, 2.0]
[2.0, 0.0, 2.0]
[2.0, 0.0, 2.0]
[2.0, 2.0, 2.0]
[2.0, 2.0, 2.0]
=====================================
第63代 
[0.0, 0.0, 2.0]
[0.0, 2.0, 2.0]
[2.0, 0.0, 2.0]
[2.0, 0.0, 2.0]
[0.0, 2.0, 2.0]
[2.0, 2.0, 2.0]
=====================================
第64代 
[0.0, 2.0, 2.0]
[2.0, 0.0, 2.0]
[2.0, 0.0, 2.0]
[2.0, 0.0, 2.0]
[2.0, 2.0, 2.0]
[0.0, 2.0, 2.0]
=====================================
第65代 
[0.0, 2.0, 2.0]
[2.0, 0.0, 2.0]
[2.0, 0.0, 2.0]
[0.0, 2.0, 2.0]
[2.0, 2.0, 2.0]
[0.0, 2.0, 2.0]
=====================================
第66代 
[0.0, 2.0, 2.0]
[2.0, 0.0, 2.0]
[2.0, 0.0, 2.0]
[0.0, 2.0, 2.0]
[0.0, 2.0, 2.0]
[2.0, 2.0, 2.0]
=====================================
第67代 
[0.0, 2.0, 2.0]
[2.0, 0.0, 2.0]
[2.0, 0.0, 2.0]
[2.0, 2.0, 2.0]
[2.0, 2.0, 2.0]
[2.0, 2.0, 2.0]
=====================================
第68代 
[0.0, 2.0, 2.0]
[2.0, 0.0, 2.0]
[0.0, 2.0, 2.0]
[2.0, 0.0, 2.0]
[0.0, 2.0, 2.0]
[2.0, 2.0, 2.0]
=====================================
第69代 
[0.0, 2.0, 2.0]
[2.0, 0.0, 2.0]
[2.0, 0.0, 2.0]
[2.0, 2.0, 2.0]
[2.0, 2.0, 2.0]
[2.0, 2.0, 2.0]
=====================================
第70代 
[0.0, 2.0, 2.0]
[2.0, 0.0, 2.0]
[2.0, 0.0, 2.0]
[2.0, 2.0, 2.0]
[2.0, 2.0, 2.0]
[0.0, 2.0, 2.0]
=====================================
第71代 
[0.0, 2.0, 2.0]
[2.0, 0.0, 2.0]
[0.0, 2.0, 2.0]
[2.0, 0.0, 2.0]
[2.0, 2.0, 2.0]
[2.0, 2.0, 2.0]
=====================================
第72代 
[0.0, 2.0, 2.0]
[2.0, 0.0, 2.0]
[2.0, 0.0, 2.0]
[0.0, 2.0, 2.0]
[2.0, 2.0, 2.0]
[2.0, 2.0, 2.0]
=====================================
第73代 
[0.0, 2.0, 2.0]
[2.0, 0.0, 2.0]
[0.0, 2.0, 2.0]
[2.0, 0.0, 2.0]
[2.0, 2.0, 2.0]
[0.0, 2.0, 2.0]
=====================================
第74代 
[0.0, 2.0, 2.0]
[2.0, 0.0, 2.0]
[0.0, 2.0, 2.0]
[2.0, 0.0, 2.0]
[2.0, 2.0, 2.0]
[2.0, 2.0, 2.0]
=====================================
第75代 
[0.0, 2.0, 2.0]
[2.0, 0.0, 2.0]
[0.0, 2.0, 2.0]
[2.0, 0.0, 2.0]
[2.0, 2.0, 2.0]
[2.0, 2.0, 2.0]
=====================================
第76代 
[0.0, 2.0, 2.0]
[2.0, 0.0, 2.0]
[2.0, 0.0, 2.0]
[2.0, 2.0, 2.0]
[2.0, 2.0, 2.0]
[2.0, 2.0, 2.0]
=====================================
第77代 
[0.0, 2.0, 2.0]
[2.0, 0.0, 2.0]
[2.0, 0.0, 2.0]
[0.0, 2.0, 2.0]
[2.0, 2.0, 2.0]
[2.0, 2.0, 2.0]
=====================================
第78代 
[0.0, 2.0, 2.0]
[2.0, 0.0, 2.0]
[2.0, 0.0, 2.0]
[0.0, 2.0, 2.0]
[2.0, 2.0, 2.0]
[2.0, 2.0, 2.0]
=====================================
第79代 
[0.0, 2.0, 2.0]
[2.0, 0.0, 2.0]
[2.0, 0.0, 2.0]
[0.0, 2.0, 2.0]
[0.0, 2.0, 2.0]
[2.0, 0.0, 2.0]
=====================================
第80代 
[0.0, 2.0, 2.0]
[2.0, 0.0, 2.0]
[0.0, 2.0, 2.0]
[2.0, 0.0, 2.0]
[0.0, 2.0, 2.0]
[0.0, 2.0, 2.0]
=====================================
第81代 
[0.0, 2.0, 2.0]
[2.0, 0.0, 2.0]
[0.0, 2.0, 2.0]
[2.0, 0.0, 2.0]
[2.0, 0.0, 2.0]
[2.0, 2.0, 2.0]
=====================================
第82代 
[0.0, 0.0, 2.0]
[0.0, 2.0, 2.0]
[2.0, 0.0, 2.0]
[0.0, 2.0, 2.0]
[2.0, 0.0, 2.0]
[2.0, 2.0, 2.0]
=====================================
第83代 
[0.0, 0.0, 2.0]
[0.0, 2.0, 2.0]
[2.0, 0.0, 2.0]
[2.0, 0.0, 2.0]
[2.0, 2.0, 2.0]
[2.0, 2.0, 2.0]
=====================================
第84代 
[0.0, 0.0, 2.0]
[0.0, 2.0, 2.0]
[2.0, 0.0, 2.0]
[2.0, 0.0, 2.0]
[2.0, 2.0, 2.0]
[0.0, 2.0, 2.0]
=====================================
第85代 
[0.0, 0.0, 2.0]
[0.0, 2.0, 2.0]
[2.0, 0.0, 2.0]
[2.0, 0.0, 2.0]
[2.0, 0.0, 2.0]
[2.0, 2.0, 2.0]
=====================================
第86代 
[0.0, 0.0, 2.0]
[0.0, 2.0, 2.0]
[2.0, 0.0, 2.0]
[2.0, 0.0, 2.0]
[2.0, 0.0, 2.0]
[2.0, 2.0, 2.0]
=====================================
第87代 
[0.0, 2.0, 2.0]
[2.0, 0.0, 2.0]
[2.0, 0.0, 2.0]
[0.0, 2.0, 2.0]
[2.0, 2.0, 2.0]
[2.0, 2.0, 2.0]
=====================================
第88代 
[0.0, 0.0, 2.0]
[0.0, 2.0, 2.0]
[2.0, 0.0, 2.0]
[0.0, 2.0, 2.0]
[2.0, 0.0, 2.0]
[2.0, 2.0, 2.0]
=====================================
第89代 
[0.0, 0.0, 2.0]
[0.0, 2.0, 2.0]
[2.0, 0.0, 2.0]
[2.0, 0.0, 2.0]
[0.0, 2.0, 2.0]
[2.0, 2.0, 2.0]
=====================================
第90代 
[0.0, 2.0, 2.0]
[2.0, 0.0, 2.0]
[2.0, 0.0, 2.0]
[2.0, 0.0, 2.0]
[0.0, 2.0, 2.0]
[2.0, 2.0, 2.0]
=====================================
第91代 
[0.0, 2.0, 2.0]
[2.0, 0.0, 2.0]
[0.0, 2.0, 2.0]
[0.0, 2.0, 2.0]
[2.0, 0.0, 2.0]
[0.0, 2.0, 2.0]
=====================================
第92代 
[0.0, 2.0, 2.0]
[2.0, 0.0, 2.0]
[2.0, 0.0, 2.0]
[0.0, 2.0, 2.0]
[0.0, 2.0, 2.0]
[2.0, 0.0, 2.0]
=====================================
第93代 
[0.0, 2.0, 2.0]
[2.0, 0.0, 2.0]
[2.0, 0.0, 2.0]
[0.0, 2.0, 2.0]
[2.0, 2.0, 2.0]
[2.0, 2.0, 2.0]
=====================================
第94代 
[0.0, 0.0, 2.0]
[0.0, 2.0, 2.0]
[2.0, 0.0, 2.0]
[2.0, 2.0, 2.0]
[2.0, 2.0, 2.0]
[2.0, 2.0, 2.0]
=====================================
第95代 
[0.0, 0.0, 2.0]
[0.0, 2.0, 2.0]
[2.0, 0.0, 2.0]
[0.0, 2.0, 2.0]
[2.0, 2.0, 2.0]
[0.0, 2.0, 2.0]
=====================================
第96代 
[0.0, 2.0, 2.0]
[2.0, 0.0, 2.0]
[0.0, 2.0, 2.0]
[2.0, 0.0, 2.0]
[2.0, 0.0, 2.0]
[0.0, 2.0, 2.0]
=====================================
第97代 
[0.0, 0.0, 2.0]
[0.0, 2.0, 2.0]
[2.0, 0.0, 2.0]
[2.0, 0.0, 2.0]
[0.0, 2.0, 2.0]
[2.0, 2.0, 2.0]
=====================================
第98代 
[0.0, 0.0, 2.0]
[0.0, 2.0, 2.0]
[2.0, 0.0, 2.0]
[2.0, 0.0, 2.0]
[2.0, 0.0, 2.0]
[2.0, 2.0, 2.0]
=====================================
第99代 
[0.0, 0.0, 2.0]
[0.0, 2.0, 2.0]
[2.0, 0.0, 2.0]
[0.0, 2.0, 2.0]
[2.0, 0.0, 2.0]
[2.0, 0.0, 2.0]
=====================================
第100代 
[0.0, 0.0, 2.0]
[0.0, 2.0, 2.0]
[2.0, 0.0, 2.0]
[0.0, 2.0, 2.0]
[0.0, 2.0, 2.0]
[2.0, 2.0, 2.0]
=====================================
第101代 
[0.0, 2.0, 2.0]
[2.0, 0.0, 2.0]
[2.0, 0.0, 2.0]
[2.0, 0.0, 2.0]
[2.0, 2.0, 2.0]
[2.0, 2.0, 2.0]
=====================================
第102代 
[0.0, 2.0, 2.0]
[2.0, 0.0, 2.0]
[2.0, 0.0, 2.0]
[0.0, 2.0, 2.0]
[2.0, 2.0, 2.0]
[2.0, 2.0, 2.0]
=====================================
第103代 
[0.0, 2.0, 2.0]
[2.0, 0.0, 2.0]
[0.0, 2.0, 2.0]
[0.0, 2.0, 2.0]
[2.0, 0.0, 2.0]
[2.0, 2.0, 2.0]
=====================================
第104代 
[0.0, 2.0, 2.0]
[2.0, 0.0, 2.0]
[0.0, 2.0, 2.0]
[0.0, 2.0, 2.0]
[2.0, 0.0, 2.0]
[2.0, 2.0, 2.0]
=====================================
第105代 
[0.0, 2.0, 2.0]
[2.0, 0.0, 2.0]
[2.0, 0.0, 2.0]
[0.0, 2.0, 2.0]
[2.0, 2.0, 2.0]
[2.0, 2.0, 2.0]
=====================================
第106代 
[0.0, 2.0, 2.0]
[2.0, 0.0, 2.0]
[0.0, 2.0, 2.0]
[2.0, 2.0, 2.0]
[2.0, 2.0, 2.0]
[2.0, 2.0, 2.0]
=====================================
第107代 
[0.0, 2.0, 2.0]
[2.0, 0.0, 2.0]
[0.0, 2.0, 2.0]
[0.0, 2.0, 2.0]
[2.0, 2.0, 2.0]
[2.0, 2.0, 2.0]
=====================================
第108代 
[0.0, 2.0, 2.0]
[2.0, 0.0, 2.0]
[0.0, 2.0, 2.0]
[2.0, 0.0, 2.0]
[2.0, 2.0, 2.0]
[0.0, 2.0, 2.0]
=====================================
第109代 
[0.0, 2.0, 2.0]
[2.0, 0.0, 2.0]
[0.0, 2.0, 2.0]
[2.0, 2.0, 2.0]
[2.0, 2.0, 2.0]
[2.0, 2.0, 2.0]
=====================================
第110代 
[0.0, 0.0, 2.0]
[0.0, 2.0, 2.0]
[2.0, 0.0, 2.0]
[0.0, 2.0, 2.0]
[2.0, 2.0, 2.0]
[2.0, 2.0, 2.0]
=====================================
第111代 
[0.0, 0.0, 2.0]
[0.0, 2.0, 2.0]
[2.0, 0.0, 2.0]
[2.0, 0.0, 2.0]
[0.0, 2.0, 2.0]
[2.0, 0.0, 2.0]
=====================================
第112代 
[0.0, 2.0, 2.0]
[2.0, 0.0, 2.0]
[2.0, 0.0, 2.0]
[2.0, 0.0, 2.0]
[0.0, 2.0, 2.0]
[2.0, 2.0, 2.0]
=====================================
第113代 
[0.0, 0.0, 2.0]
[0.0, 2.0, 2.0]
[2.0, 0.0, 2.0]
[2.0, 0.0, 2.0]
[2.0, 2.0, 2.0]
[0.0, 2.0, 2.0]
=====================================
第114代 
[0.0, 2.0, 2.0]
[2.0, 0.0, 2.0]
[2.0, 0.0, 2.0]
[2.0, 0.0, 2.0]
[0.0, 2.0, 2.0]
[2.0, 2.0, 2.0]
=====================================
第115代 
[0.0, 2.0, 2.0]
[2.0, 0.0, 2.0]
[0.0, 2.0, 2.0]
[2.0, 0.0, 2.0]
[2.0, 2.0, 2.0]
[2.0, 2.0, 2.0]
=====================================
第116代 
[0.0, 2.0, 2.0]
[2.0, 0.0, 2.0]
[2.0, 0.0, 2.0]
[0.0, 2.0, 2.0]
[0.0, 2.0, 2.0]
[2.0, 2.0, 2.0]
=====================================
第117代 
[0.0, 2.0, 2.0]
[2.0, 0.0, 2.0]
[0.0, 2.0, 2.0]
[0.0, 2.0, 2.0]
[2.0, 2.0, 2.0]
[2.0, 2.0, 2.0]
=====================================
第118代 
[0.0, 2.0, 2.0]
[2.0, 0.0, 2.0]
[0.0, 2.0, 2.0]
[0.0, 2.0, 2.0]
[0.0, 2.0, 2.0]
[0.0, 2.0, 2.0]
=====================================
第119代 
[0.0, 2.0, 2.0]
[2.0, 0.0, 2.0]
[2.0, 0.0, 2.0]
[0.0, 2.0, 2.0]
[0.0, 2.0, 2.0]
[2.0, 2.0, 2.0]
=====================================
第120代 
[0.0, 2.0, 2.0]
[2.0, 0.0, 2.0]
[2.0, 0.0, 2.0]
[0.0, 2.0, 2.0]
[2.0, 2.0, 2.0]
[2.0, 2.0, 2.0]
=====================================
第121代 
[0.0, 2.0, 2.0]
[2.0, 0.0, 2.0]
[0.0, 2.0, 2.0]
[0.0, 2.0, 2.0]
[2.0, 0.0, 2.0]
[0.0, 2.0, 2.0]
=====================================
第122代 
[0.0, 2.0, 2.0]
[2.0, 0.0, 2.0]
[0.0, 2.0, 2.0]
[0.0, 2.0, 2.0]
[2.0, 0.0, 2.0]
[2.0, 2.0, 2.0]
=====================================
第123代 
[0.0, 2.0, 2.0]
[2.0, 0.0, 2.0]
[0.0, 2.0, 2.0]
[0.0, 2.0, 2.0]
[2.0, 0.0, 2.0]
[2.0, 0.0, 2.0]
=====================================
第124代 
[0.0, 0.0, 2.0]
[0.0, 2.0, 2.0]
[2.0, 0.0, 2.0]
[2.0, 0.0, 2.0]
[0.0, 2.0, 2.0]
[2.0, 2.0, 2.0]
=====================================
第125代 
[0.0, 0.0, 2.0]
[0.0, 2.0, 2.0]
[2.0, 0.0, 2.0]
[2.0, 0.0, 2.0]
[2.0, 2.0, 2.0]
[2.0, 2.0, 2.0]
=====================================
第126代 
[0.0, 0.0, 2.0]
[0.0, 2.0, 2.0]
[2.0, 0.0, 2.0]
[2.0, 0.0, 2.0]
[2.0, 0.0, 2.0]
[0.0, 2.0, 2.0]
=====================================
第127代 
[0.0, 0.0, 2.0]
[0.0, 0.0, 2.0]
[0.0, 2.0, 2.0]
[2.0, 0.0, 2.0]
[0.0, 2.0, 2.0]
[2.0, 0.0, 2.0]
=====================================
第128代 
[0.0, 0.0, 2.0]
[0.0, 2.0, 2.0]
[2.0, 0.0, 2.0]
[2.0, 0.0, 2.0]
[0.0, 2.0, 2.0]
[2.0, 2.0, 2.0]
=====================================
第129代 
[0.0, 0.0, 2.0]
[0.0, 2.0, 2.0]
[2.0, 0.0, 2.0]
[2.0, 0.0, 2.0]
[2.0, 0.0, 2.0]
[2.0, 2.0, 2.0]
=====================================
第130代 
[0.0, 0.0, 2.0]
[0.0, 2.0, 2.0]
[2.0, 0.0, 2.0]
[2.0, 0.0, 2.0]
[2.0, 0.0, 2.0]
[2.0, 2.0, 2.0]
=====================================
第131代 
[0.0, 0.0, 2.0]
[0.0, 0.0, 2.0]
[0.0, 0.0, 2.0]
[0.0, 2.0, 2.0]
[2.0, 0.0, 2.0]
[2.0, 0.0, 2.0]
=====================================
第132代 
[0.0, 0.0, 2.0]
[0.0, 0.0, 2.0]
[0.0, 2.0, 2.0]
[2.0, 0.0, 2.0]
[2.0, 0.0, 2.0]
[2.0, 0.0, 2.0]
=====================================
第133代 
[0.0, 0.0, 2.0]
[0.0, 0.0, 2.0]
[0.0, 2.0, 2.0]
[2.0, 0.0, 2.0]
[2.0, 0.0, 2.0]
[2.0, 2.0, 2.0]
=====================================
第134代 
[0.0, 0.0, 2.0]
[0.0, 0.0, 2.0]
[0.0, 2.0, 2.0]
[2.0, 0.0, 2.0]
[2.0, 0.0, 2.0]
[0.0, 2.0, 2.0]
=====================================
第135代 
[0.0, 0.0, 2.0]
[0.0, 2.0, 2.0]
[2.0, 0.0, 2.0]
[2.0, 0.0, 2.0]
[0.0, 2.0, 2.0]
[2.0, 2.0, 2.0]
=====================================
第136代 
[0.0, 0.0, 2.0]
[0.0, 0.0, 2.0]
[0.0, 2.0, 2.0]
[2.0, 0.0, 2.0]
[2.0, 0.0, 2.0]
[0.0, 2.0, 2.0]
=====================================
第137代 
[0.0, 0.0, 2.0]
[0.0, 0.0, 2.0]
[0.0, 2.0, 2.0]
[2.0, 0.0, 2.0]
[2.0, 0.0, 2.0]
[2.0, 2.0, 2.0]
=====================================
第138代 
[0.0, 0.0, 2.0]
[0.0, 0.0, 2.0]
[0.0, 0.0, 2.0]
[0.0, 0.0, 2.0]
[0.0, 2.0, 2.0]
[2.0, 0.0, 2.0]
=====================================
第139代 
[0.0, 0.0, 2.0]
[0.0, 0.0, 2.0]
[0.0, 0.0, 2.0]
[0.0, 0.0, 2.0]
[0.0, 2.0, 2.0]
[2.0, 0.0, 2.0]
=====================================
第140代 
[0.0, 0.0, 2.0]
[0.0, 0.0, 2.0]
[0.0, 0.0, 2.0]
[0.0, 0.0, 2.0]
[0.0, 2.0, 2.0]
[2.0, 0.0, 2.0]
=====================================
第141代 
[0.0, 0.0, 2.0]
[0.0, 0.0, 2.0]
[0.0, 2.0, 2.0]
[2.0, 0.0, 2.0]
[0.0, 2.0, 2.0]
[2.0, 0.0, 2.0]
=====================================
第142代 
[0.0, 0.0, 2.0]
[0.0, 2.0, 2.0]
[2.0, 0.0, 2.0]
[2.0, 0.0, 2.0]
[2.0, 0.0, 2.0]
[0.0, 2.0, 2.0]
=====================================
第143代 
[0.0, 0.0, 2.0]
[0.0, 2.0, 2.0]
[2.0, 0.0, 2.0]
[2.0, 0.0, 2.0]
[2.0, 2.0, 2.0]
[2.0, 2.0, 2.0]
=====================================
第144代 
[0.0, 0.0, 2.0]
[0.0, 2.0, 2.0]
[2.0, 0.0, 2.0]
[2.0, 0.0, 2.0]
[2.0, 2.0, 2.0]
[2.0, 2.0, 2.0]
=====================================
第145代 
[0.0, 2.0, 2.0]
[2.0, 0.0, 2.0]
[2.0, 0.0, 2.0]
[2.0, 0.0, 2.0]
[2.0, 2.0, 2.0]
[2.0, 2.0, 2.0]
=====================================
第146代 
[0.0, 2.0, 2.0]
[2.0, 0.0, 2.0]
[2.0, 0.0, 2.0]
[2.0, 2.0, 2.0]
[2.0, 2.0, 2.0]
[2.0, 2.0, 2.0]
=====================================
第147代 
[0.0, 2.0, 2.0]
[2.0, 0.0, 2.0]
[2.0, 0.0, 2.0]
[0.0, 2.0, 2.0]
[2.0, 2.0, 2.0]
[0.0, 2.0, 2.0]
=====================================
第148代 
[0.0, 2.0, 2.0]
[2.0, 0.0, 2.0]
[0.0, 2.0, 2.0]
[2.0, 2.0, 2.0]
[2.0, 2.0, 2.0]
[2.0, 2.0, 2.0]
=====================================
第149代 
[0.0, 2.0, 2.0]
[2.0, 0.0, 2.0]
[2.0, 0.0, 2.0]
[2.0, 2.0, 2.0]
[0.0, 2.0, 2.0]
[0.0, 2.0, 2.0]
=====================================
第150代 
[0.0, 2.0, 2.0]
[2.0, 0.0, 2.0]
[2.0, 2.0, 2.0]
[2.0, 2.0, 2.0]
[2.0, 2.0, 2.0]
[0.0, 2.0, 2.0]
=====================================
第151代 
[0.0, 2.0, 2.0]
[2.0, 0.0, 2.0]
[0.0, 2.0, 2.0]
[2.0, 0.0, 2.0]
[2.0, 0.0, 2.0]
[2.0, 2.0, 2.0]
=====================================
第152代 
[0.0, 2.0, 2.0]
[2.0, 0.0, 2.0]
[0.0, 2.0, 2.0]
[0.0, 2.0, 2.0]
[0.0, 2.0, 2.0]
[2.0, 2.0, 2.0]
=====================================
第153代 
[0.0, 2.0, 2.0]
[2.0, 0.0, 2.0]
[0.0, 2.0, 2.0]
[0.0, 2.0, 2.0]
[0.0, 2.0, 2.0]
[2.0, 2.0, 2.0]
=====================================
第154代 
[0.0, 2.0, 2.0]
[2.0, 0.0, 2.0]
[0.0, 2.0, 2.0]
[0.0, 2.0, 2.0]
[2.0, 2.0, 2.0]
[2.0, 2.0, 2.0]
=====================================
第155代 
[0.0, 2.0, 2.0]
[2.0, 0.0, 2.0]
[0.0, 2.0, 2.0]
[2.0, 0.0, 2.0]
[2.0, 2.0, 2.0]
[2.0, 2.0, 2.0]
=====================================
第156代 
[0.0, 2.0, 2.0]
[2.0, 0.0, 2.0]
[2.0, 0.0, 2.0]
[0.0, 2.0, 2.0]
[2.0, 2.0, 2.0]
[2.0, 2.0, 2.0]
=====================================
第157代 
[0.0, 2.0, 2.0]
[2.0, 0.0, 2.0]
[0.0, 2.0, 2.0]
[0.0, 2.0, 2.0]
[2.0, 0.0, 2.0]
[0.0, 2.0, 2.0]
=====================================
第158代 
[0.0, 2.0, 2.0]
[2.0, 0.0, 2.0]
[2.0, 0.0, 2.0]
[0.0, 2.0, 2.0]
[0.0, 2.0, 2.0]
[0.0, 2.0, 2.0]
=====================================
第159代 
[0.0, 2.0, 2.0]
[2.0, 0.0, 2.0]
[2.0, 0.0, 2.0]
[2.0, 2.0, 2.0]
[2.0, 2.0, 2.0]
[2.0, 2.0, 2.0]
=====================================
第160代 
[0.0, 2.0, 2.0]
[2.0, 0.0, 2.0]
[2.0, 0.0, 2.0]
[2.0, 2.0, 2.0]
[2.0, 2.0, 2.0]
[2.0, 2.0, 2.0]
=====================================
第161代 
[0.0, 2.0, 2.0]
[2.0, 0.0, 2.0]
[2.0, 0.0, 2.0]
[2.0, 2.0, 2.0]
[2.0, 2.0, 2.0]
[2.0, 2.0, 2.0]
=====================================
第162代 
[0.0, 2.0, 2.0]
[2.0, 0.0, 2.0]
[2.0, 0.0, 2.0]
[2.0, 2.0, 2.0]
[2.0, 2.0, 2.0]
[2.0, 2.0, 2.0]
=====================================
第163代 
[0.0, 2.0, 2.0]
[2.0, 0.0, 2.0]
[2.0, 0.0, 2.0]
[2.0, 2.0, 2.0]
[0.0, 2.0, 2.0]
[0.0, 2.0, 2.0]
=====================================
第164代 
[0.0, 2.0, 2.0]
[2.0, 0.0, 2.0]
[0.0, 2.0, 2.0]
[2.0, 0.0, 2.0]
[2.0, 2.0, 2.0]
[2.0, 2.0, 2.0]
=====================================
第165代 
[0.0, 2.0, 2.0]
[2.0, 0.0, 2.0]
[2.0, 0.0, 2.0]
[0.0, 2.0, 2.0]
[2.0, 2.0, 2.0]
[2.0, 2.0, 2.0]
=====================================
第166代 
[0.0, 2.0, 2.0]
[2.0, 0.0, 2.0]
[2.0, 0.0, 2.0]
[0.0, 2.0, 2.0]
[0.0, 2.0, 2.0]
[2.0, 2.0, 2.0]
=====================================
第167代 
[0.0, 2.0, 2.0]
[2.0, 0.0, 2.0]
[0.0, 2.0, 2.0]
[2.0, 0.0, 2.0]
[2.0, 2.0, 2.0]
[2.0, 2.0, 2.0]
=====================================
第0代 
[2.0, 2.0, 2.0]
[2.0, 2.0, 2.0]
[0.0, 2.0, 2.0]
[2.0, 0.0, 2.0]
[0.0, 2.0, 2.0]
[0.0, 2.0, 2.0]
=====================================
第1代 
[0.0, 2.0, 2.0]
[2.0, 0.0, 2.0]
[2.0, 0.0, 2.0]
[0.0, 2.0, 2.0]
[0.0, 2.0, 2.0]
[2.0, 2.0, 2.0]
=====================================
第2代 
[0.0, 2.0, 2.0]
[2.0, 0.0, 2.0]
[0.0, 2.0, 2.0]
[0.0, 2.0, 2.0]
[0.0, 2.0, 2.0]
[0.0, 2.0, 2.0]
=====================================
第3代 
[0.0, 2.0, 2.0]
[2.0, 0.0, 2.0]
[0.0, 2.0, 2.0]
[2.0, 0.0, 2.0]
[0.0, 2.0, 2.0]
[0.0, 2.0, 2.0]
=====================================
第4代 
[0.0, 2.0, 2.0]
[2.0, 0.0, 2.0]
[2.0, 0.0, 2.0]
[2.0, 0.0, 2.0]
[0.0, 2.0, 2.0]
[2.0, 2.0, 2.0]
=====================================
第5代 
[0.0, 0.0, 2.0]
[0.0, 2.0, 2.0]
[2.0, 0.0, 2.0]
[2.0, 0.0, 2.0]
[0.0, 2.0, 2.0]
[2.0, 2.0, 2.0]
=====================================
第0代 
[2.0, 0.0, 0.0]
[0.0, 2.0, 2.0]
[2.0, 2.0, 2.0]
[2.0, 2.0, 2.0]
[0.0, 2.0, 2.0]
[0.0, 2.0, 2.0]
=====================================
