[2, 2, 1, 0, 2]
================================================
[2, 5, 3, 0, 3]
================================================
[2, 5, 3, 0, 1]
================================================
[3, 4, 3, 0, 2]
================================================
[2, 3, 2, 0, 1]
================================================
[3, 4, 2, 0, 2]
================================================
[4, 5, 3, 0, 1]
================================================
[2, 4, 3, 0, 1]
================================================
[2, 5, 3, 0, 1]
================================================
[1, 6, 4, 0, 1]
================================================
[2, 6, 4, 0, 2]
================================================
[2, 7, 5, 0, 2]
================================================
[2, 5, 3, 0, 2]
================================================
[4, 4, 3, 0, 1]
================================================
[3, 5, 3, 0, 2]
================================================
[2, 4, 2, 0, 2]
================================================
[4, 4, 3, 0, 1]
================================================
[3, 4, 2, 0, 2]
================================================
[2, 4, 2, 0, 2]
================================================
[2, 5, 2, 0, 1]
================================================
[3, 4, 3, 0, 1]
================================================
[3, 5, 3, 0, 2]
================================================
[4, 4, 3, 0, 2]
================================================
[3, 4, 3, 0, 1]
================================================
[6, 5, 3, 0, 1]
================================================
[4, 4, 3, 0, 2]
================================================
[5, 6, 5, 0, 1]
================================================
[4, 6, 5, 0, 1]
================================================
[5, 6, 4, 0, 1]
================================================
[4, 6, 4, 0, 1]
================================================
[4, 7, 4, 0, 1]
================================================
[2, 5, 3, 0, 2]
================================================
[4, 3, 2, 0, 2]
================================================
[3, 7, 5, 0, 1]
================================================
[5, 7, 5, 0, 1]
================================================
[5, 4, 4, 0, 1]
================================================
[4, 3, 3, 0, 1]
================================================
[3, 5, 3, 0, 2]
================================================
[4, 3, 2, 0, 2]
================================================
[4, 6, 4, 0, 2]
================================================
[4, 5, 4, 0, 2]
================================================
[5, 5, 5, 0, 2]
================================================
[5, 6, 6, 0, 2]
================================================
[5, 6, 5, 0, 2]
================================================
[4, 5, 4, 0, 2]
================================================
